0 0
1 1
2 2
3 3
4 4
5 5
6 6
7 7
8 8
9 9
10 10
11 11
12 12
13 13
14 14
15 15
16 16
17 17
18 18
19 19
20 20
21 21
22 22
23 23
24 24
25 25
26 26
27 27
28 28
29 29
30 30
31 31
32 32
33 33
34 34
35 35
36 36
37 37
38 38
39 39
40 40
41 41
42 42
43 43
44 44
45 45
46 46
47 47
48 48
49 49
50 50
51 51
52 52
53 53
54 54
55 55
56 56
57 57
58 58
59 59
60 60
61 61
62 62
63 63
64 64
65 65
66 66
67 67
68 68
69 69
70 70
71 71
72 72
73 73
74 74
75 75
76 76
77 77
78 78
79 79
80 80
81 81
82 82
83 83
84 84
85 85
86 86
87 87
88 88
89 89
90 90
91 91
92 92
93 93
94 94
95 95
96 96
97 97
98 98
99 99
100 100
101 101
102 102
103 104
104 105
105 106
106 107
107 108
108 110
109 111
110 112
111 113
112 114
113 115
114 116
115 117
116 118
117 119
118 121
119 123
120 124
121 125
122 126
123 127
124 129
125 132
126 134
127 135
128 138
129 140
130 141
131 143
132 144
133 149
134 150
135 155
136 156
137 157
138 158
139 159
140 160
141 161
142 162
143 163
144 165
145 167
146 172
147 174
148 176
149 177
150 178
151 181
152 182
153 184
154 185
155 187
156 189
157 190
158 191
159 192
160 193
161 194
162 195
163 196
164 197
165 198
166 199
167 200
168 201
169 202
170 204
171 205
172 208
173 209
174 212
175 213
176 214
177 215
178 216
179 218
180 219
181 220
182 221
183 222
184 224
185 225
186 226
187 227
188 228
189 230
190 231
191 232
192 233
193 234
194 235
195 236
196 239
197 240
198 241
199 242
200 243
201 244
202 245
203 246
204 247
205 248
206 249
207 252
208 253
209 257
210 259
211 260
212 261
213 263
214 264
215 266
216 268
217 269
218 271
219 273
220 274
221 276
222 277
223 278
224 281
225 283
226 284
227 287
228 291
229 292
230 293
231 294
232 295
233 298
234 299
235 301
236 303
237 305
238 308
239 309
240 310
241 311
242 312
243 313
244 315
245 316
246 317
247 320
248 321
249 322
250 323
251 325
252 326
253 327
254 328
255 329
256 330
257 332
258 333
259 334
260 335
261 337
262 338
263 339
264 341
265 342
266 343
267 344
268 345
269 346
270 347
271 348
272 352
273 353
274 354
275 355
276 356
277 357
278 358
279 359
280 360
281 362
282 363
283 366
284 367
285 370
286 371
287 374
288 375
289 376
290 377
291 379
292 380
293 381
294 382
295 383
296 384
297 385
298 386
299 387
300 393
301 396
302 397
303 398
304 399
305 401
306 404
307 405
308 406
309 407
310 409
311 410
312 411
313 412
314 415
315 417
316 419
317 420
318 421
319 422
320 424
321 426
322 427
323 428
324 431
325 434
326 436
327 438
328 439
329 440
330 441
331 442
332 443
333 444
334 447
335 448
336 449
337 450
338 451
339 452
340 453
341 454
342 455
343 458
344 459
345 461
346 464
347 467
348 469
349 470
350 473
351 474
352 475
353 476
354 477
355 480
356 482
357 483
358 484
359 485
360 486
361 487
362 488
363 489
364 490
365 492
366 495
367 496
368 498
369 499
370 500
371 502
372 504
373 505
374 506
375 511
376 512
377 515
378 519
379 524
380 526
381 527
382 528
383 529
384 539
385 546
386 547
387 549
388 550
389 553
390 559
391 566
392 572
393 588
394 595
395 598
396 604
397 609
398 620
399 623
400 642
401 648
402 652
403 654
404 656
405 678
406 680
407 687
408 688
409 697
410 699
411 700
412 703
413 704
414 707
415 710
416 713
417 717
418 718
419 719
420 728
421 735
422 740
423 748
424 749
425 750
426 752
427 754
428 759
429 760
430 772
431 775
432 776
433 782
434 783
435 790
436 792
437 795
438 805
439 806
440 809
441 813
442 814
443 818
444 820
445 821
446 823
447 824
448 829
449 830
450 831
451 837
452 838
453 842
454 843
455 844
456 846
457 852
458 853
459 854
460 857
461 861
462 862
463 863
464 864
465 866
466 868
467 869
468 872
469 874
470 877
471 880
472 881
473 882
474 885
475 886
476 888
477 889
478 891
479 892
480 893
481 894
482 896
483 897
484 899
485 900
486 902
487 903
488 906
489 908
490 909
491 911
492 912
493 913
494 915
495 916
496 919
497 920
498 921
499 922
500 923
501 924
502 926
503 927
504 928
505 930
506 931
507 933
508 934
509 936
510 938
511 939
512 940
513 941
514 942
515 943
516 944
517 946
518 950
519 952
520 953
521 955
522 956
523 957
524 958
525 960
526 962
527 963
528 964
529 965
530 966
531 968
532 969
533 970
534 971
535 972
536 974
537 975
538 976
539 978
540 979
541 980
542 982
543 984
544 985
545 986
546 987
547 988
548 989
549 990
550 993
551 994
552 995
553 997
554 998
555 999
556 1000
557 1001
558 1003
559 1004
560 1006
561 1007
562 1008
563 1010
564 1011
565 1012
566 1013
567 1014
568 1015
569 1016
570 1018
571 1020
572 1021
573 1022
574 1023
575 1024
576 1025
577 1026
578 1028
579 1029
580 1030
581 1031
582 1033
583 1034
584 1035
585 1038
586 1039
587 1040
588 1041
589 1043
590 1048
591 1049
592 1051
593 1052
594 1053
595 1054
596 1055
597 1056
598 1057
599 1058
600 1059
601 1060
602 1062
603 1063
604 1064
605 1065
606 1066
607 1067
608 1068
609 1069
610 1070
611 1071
612 1072
613 1074
614 1075
615 1077
616 1078
617 1079
618 1080
619 1081
620 1082
621 1083
622 1085
623 1087
624 1088
625 1089
626 1090
627 1091
628 1093
629 1094
630 1097
631 1098
632 1099
633 1100
634 1102
635 1103
636 1104
637 1105
638 1106
639 1107
640 1108
641 1109
642 1110
643 1111
644 1112
645 1113
646 1114
647 1115
648 1117
649 1119
650 1120
651 1122
652 1123
653 1124
654 1125
655 1128
656 1129
657 1131
658 1132
659 1133
660 1135
661 1137
662 1138
663 1140
664 1141
665 1142
666 1143
667 1144
668 1147
669 1148
670 1149
671 1151
672 1152
673 1154
674 1155
675 1157
676 1159
677 1160
678 1162
679 1163
680 1165
681 1168
682 1171
683 1172
684 1173
685 1174
686 1176
687 1177
688 1179
689 1181
690 1185
691 1188
692 1189
693 1191
694 1192
695 1193
696 1194
697 1195
698 1196
699 1198
700 1199
701 1200
702 1201
703 1202
704 1203
705 1204
706 1206
707 1207
708 1208
709 1209
710 1210
711 1211
712 1213
713 1214
714 1216
715 1218
716 1220
717 1221
718 1224
719 1225
720 1226
721 1228
722 1229
723 1230
724 1231
725 1232
726 1234
727 1235
728 1236
729 1238
730 1239
731 1240
732 1241
733 1242
734 1243
735 1244
736 1246
737 1247
738 1249
739 1250
740 1251
741 1252
742 1255
743 1256
744 1257
745 1259
746 1261
747 1262
748 1264
749 1266
750 1267
751 1270
752 1271
753 1272
754 1273
755 1274
756 1275
757 1276
758 1278
759 1279
760 1282
761 1283
762 1284
763 1285
764 1286
765 1287
766 1289
767 1292
768 1293
769 1303
770 1304
771 1308
772 1309
773 1310
774 1311
775 1315
776 1317
777 1323
778 1328
779 1330
780 1338
781 1339
782 1340
783 1342
784 1344
785 1350
786 1355
787 1359
788 1360
789 1362
790 1363
791 1364
792 1365
793 1366
794 1369
795 1374
796 1378
797 1382
798 1384
799 1385
800 1387
801 1389
802 1390
803 1394
804 1400
805 1406
806 1407
807 1408
808 1411
809 1413
810 1416
811 1417
812 1418
813 1419
814 1424
815 1426
816 1427
817 1428
818 1431
819 1432
820 1435
821 1436
822 1438
823 1440
824 1441
825 1442
826 1443
827 1446
828 1447
829 1448
830 1449
831 1450
832 1451
833 1453
834 1454
835 1455
836 1457
837 1458
838 1459
839 1460
840 1461
841 1462
842 1463
843 1464
844 1465
845 1466
846 1467
847 1468
848 1469
849 1470
850 1471
851 1472
852 1473
853 1474
854 1475
855 1476
856 1477
857 1478
858 1479
859 1480
860 1481
861 1482
862 1483
863 1484
864 1485
865 1486
866 1487
867 1488
868 1489
869 1490
870 1491
871 1492
872 1493
873 1494
874 1495
875 1496
876 1497
877 1498
878 1499
879 1500
880 1501
881 1502
882 1503
883 1504
884 1505
885 1506
886 1508
887 1509
888 1510
889 1512
890 1513
891 1514
892 1515
893 1516
894 1517
895 1518
896 1519
897 1520
898 1521
899 1522
900 1523
901 1525
902 1526
903 1527
904 1528
905 1530
906 1531
907 1532
908 1533
909 1534
910 1535
911 1536
912 1537
913 1538
914 1539
915 1541
916 1542
917 1543
918 1544
919 1545
920 1547
921 1548
922 1549
923 1550
924 1551
925 1552
926 1553
927 1555
928 1556
929 1557
930 1558
931 1559
932 1560
933 1561
934 1562
935 1563
936 1566
937 1567
938 1568
939 1569
940 1570
941 1571
942 1573
943 1574
944 1575
945 1576
946 1577
947 1578
948 1580
949 1581
950 1582
951 1584
952 1585
953 1586
954 1587
955 1588
956 1589
957 1590
958 1591
959 1592
960 1593
961 1594
962 1595
963 1597
964 1598
965 1599
966 1600
967 1601
968 1602
969 1603
970 1604
971 1605
972 1606
973 1607
974 1608
975 1609
976 1610
977 1611
978 1613
979 1614
980 1615
981 1616
982 1617
983 1618
984 1619
985 1620
986 1621
987 1623
988 1624
989 1625
990 1626
991 1627
992 1628
993 1629
994 1630
995 1631
996 1632
997 1633
998 1634
999 1635
1000 1636
1001 1637
1002 1638
1003 1639
1004 1640
1005 1641
1006 1642
1007 1644
1008 1645
1009 1646
1010 1647
1011 1648
1012 1649
1013 1650
1014 1651
1015 1652
1016 1653
1017 1654
1018 1655
1019 1656
1020 1657
1021 1658
1022 1659
1023 1660
1024 1661
1025 1662
1026 1663
1027 1664
1028 1665
1029 1666
1030 1668
1031 1669
1032 1670
1033 1671
1034 1672
1035 1673
1036 1674
1037 1675
1038 1676
1039 1677
1040 1678
1041 1679
1042 1680
1043 1681
1044 1682
1045 1683
1046 1684
1047 1685
1048 1686
1049 1687
1050 1688
1051 1689
1052 1690
1053 1691
1054 1692
1055 1693
1056 1694
1057 1695
1058 1696
1059 1697
1060 1698
1061 1699
1062 1700
1063 1701
1064 1702
1065 1703
1066 1704
1067 1705
1068 1706
1069 1707
1070 1708
1071 1709
1072 1710
1073 1711
1074 1712
1075 1713
1076 1714
1077 1715
1078 1716
1079 1717
1080 1718
1081 1719
1082 1720
1083 1721
1084 1722
1085 1723
1086 1724
1087 1725
1088 1726
1089 1727
1090 1728
1091 1729
1092 1730
1093 1731
1094 1732
1095 1733
1096 1734
1097 1735
1098 1736
1099 1737
1100 1738
1101 1739
1102 1740
1103 1741
1104 1742
1105 1743
1106 1744
1107 1745
1108 1746
1109 1747
1110 1748
1111 1749
1112 1750
1113 1751
1114 1752
1115 1753
1116 1754
1117 1755
1118 1756
1119 1757
1120 1758
1121 1759
1122 1760
1123 1761
1124 1762
1125 1763
1126 1764
1127 1765
1128 1766
1129 1767
1130 1768
1131 1769
1132 1770
1133 1771
1134 1772
1135 1773
1136 1774
1137 1775
1138 1776
1139 1777
1140 1778
1141 1779
1142 1780
1143 1781
1144 1782
1145 1783
1146 1784
1147 1785
1148 1786
1149 1787
1150 1788
1151 1789
1152 1790
1153 1791
1154 1792
1155 1793
1156 1794
1157 1795
1158 1796
1159 1797
1160 1798
1161 1799
1162 1800
1163 1801
1164 1802
1165 1803
1166 1804
1167 1805
1168 1806
1169 1807
1170 1808
1171 1809
1172 1810
1173 1811
1174 1812
1175 1813
1176 1814
1177 1815
1178 1816
1179 1817
1180 1818
1181 1819
1182 1820
1183 1821
1184 1822
1185 1823
1186 1824
1187 1825
1188 1826
1189 1827
1190 1828
1191 1829
1192 1830
1193 1831
1194 1832
1195 1833
1196 1834
1197 1835
1198 1836
1199 1837
1200 1838
1201 1839
1202 1840
1203 1841
1204 1842
1205 1843
1206 1844
1207 1845
1208 1846
1209 1847
1210 1848
1211 1849
1212 1850
1213 1851
1214 1852
1215 1853
1216 1854
1217 1855
1218 1856
1219 1857
1220 1858
1221 1859
1222 1860
1223 1861
1224 1862
1225 1863
1226 1864
1227 1865
1228 1866
1229 1867
1230 1868
1231 1869
1232 1870
1233 1871
1234 1872
1235 1873
1236 1874
1237 1876
1238 1877
1239 1880
1240 1881
1241 1884
1242 1885
1243 1887
1244 1888
1245 1890
1246 1891
1247 1892
1248 1893
1249 1894
1250 1895
1251 1897
1252 1899
1253 1900
1254 1901
1255 1902
1256 1904
1257 1905
1258 1906
1259 1908
1260 1910
1261 1913
1262 1914
1263 1916
1264 1917
1265 1918
1266 1919
1267 1920
1268 1921
1269 1923
1270 1924
1271 1927
1272 1928
1273 1929
1274 1931
1275 1932
1276 1934
1277 1935
1278 1938
1279 1939
1280 1940
1281 1941
1282 1946
1283 1947
1284 1948
1285 1949
1286 1950
1287 1952
1288 1953
1289 1954
1290 1955
1291 1956
1292 1957
1293 1958
1294 1959
1295 1960
1296 1961
1297 1962
1298 1966
1299 1968
1300 1970
1301 1971
1302 1972
1303 1974
1304 1976
1305 1977
1306 1978
1307 1979
1308 1980
1309 1981
1310 1982
1311 1983
1312 1984
1313 1985
1314 1987
1315 1989
1316 1991
1317 1992
1318 1993
1319 1994
1320 1995
1321 1996
1322 1998
1323 1999
1324 2002
1325 2003
1326 2004
1327 2005
1328 2006
1329 2009
1330 2011
1331 2012
1332 2013
1333 2014
1334 2015
1335 2016
1336 2017
1337 2018
1338 2019
1339 2020
1340 2022
1341 2026
1342 2027
1343 2028
1344 2030
1345 2032
1346 2033
1347 2035
1348 2036
1349 2037
1350 2041
1351 2042
1352 2043
1353 2044
1354 2048
1355 2050
1356 2051
1357 2053
1358 2054
1359 2055
1360 2056
1361 2057
1362 2058
1363 2059
1364 2060
1365 2061
1366 2062
1367 2063
1368 2064
1369 2066
1370 2067
1371 2068
1372 2069
1373 2070
1374 2071
1375 2072
1376 2073
1377 2076
1378 2078
1379 2079
1380 2083
1381 2085
1382 2086
1383 2087
1384 2089
1385 2090
1386 2091
1387 2092
1388 2094
1389 2095
1390 2096
1391 2097
1392 2098
1393 2100
1394 2101
1395 2103
1396 2104
1397 2105
1398 2106
1399 2107
1400 2109
1401 2110
1402 2111
1403 2112
1404 2114
1405 2115
1406 2116
1407 2118
1408 2120
1409 2122
1410 2123
1411 2124
1412 2126
1413 2127
1414 2129
1415 2134
1416 2135
1417 2136
1418 2138
1419 2140
1420 2141
1421 2142
1422 2143
1423 2145
1424 2146
1425 2147
1426 2148
1427 2149
1428 2150
1429 2151
1430 2153
1431 2154
1432 2155
1433 2156
1434 2157
1435 2160
1436 2163
1437 2164
1438 2165
1439 2166
1440 2168
1441 2169
1442 2170
1443 2173
1444 2174
1445 2176
1446 2177
1447 2179
1448 2180
1449 2181
1450 2182
1451 2184
1452 2185
1453 2186
1454 2187
1455 2188
1456 2189
1457 2190
1458 2191
1459 2192
1460 2193
1461 2195
1462 2196
1463 2197
1464 2198
1465 2199
1466 2202
1467 2203
1468 2204
1469 2205
1470 2206
1471 2207
1472 2208
1473 2209
1474 2211
1475 2213
1476 2214
1477 2215
1478 2216
1479 2217
1480 2218
1481 2219
1482 2220
1483 2221
1484 2224
1485 2225
1486 2226
1487 2227
1488 2228
1489 2229
1490 2230
1491 2231
1492 2232
1493 2233
1494 2234
1495 2236
1496 2241
1497 2243
1498 2244
1499 2246
1500 2248
1501 2249
1502 2250
1503 2251
1504 2252
1505 2253
1506 2256
1507 2257
1508 2260
1509 2261
1510 2262
1511 2264
1512 2265
1513 2266
1514 2269
1515 2270
1516 2272
1517 2275
1518 2278
1519 2282
1520 2285
1521 2287
1522 2291
1523 2299
1524 2300
1525 2309
1526 2313
1527 2316
1528 2322
1529 2325
1530 2342
1531 2353
1532 2356
1533 2357
1534 2358
1535 2359
1536 2362
1537 2366
1538 2370
1539 2375
1540 2382
1541 2385
1542 2386
1543 2388
1544 2392
1545 2394
1546 2398
1547 2399
1548 2401
1549 2406
1550 2415
1551 2416
1552 2417
1553 2420
1554 2421
1555 2429
1556 2433
1557 2435
1558 2438
1559 2440
1560 2445
1561 2448
1562 2449
1563 2450
1564 2451
1565 2452
1566 2454
1567 2457
1568 2462
1569 2464
1570 2465
1571 2466
1572 2467
1573 2468
1574 2470
1575 2484
1576 2485
1577 2487
1578 2488
1579 2493
1580 2494
1581 2498
1582 2499
1583 2506
1584 2507
1585 2508
1586 2511
1587 2512
1588 2513
1589 2520
1590 2523
1591 2525
1592 2531
1593 2539
1594 2541
1595 2543
1596 2544
1597 2549
1598 2550
1599 2552
1600 2553
1601 2554
1602 2555
1603 2562
1604 2567
1605 2581
1606 2585
1607 2587
1608 2592
1609 2596
1610 2597
1611 2598
1612 2599
1613 2600
1614 2601
1615 2602
1616 2603
1617 2605
1618 2608
1619 2614
1620 2617
1621 2619
1622 2621
1623 2622
1624 2624
1625 2625
1626 2626
1627 2628
1628 2633
1629 2634
1630 2636
1631 2637
1632 2641
1633 2642
1634 2643
1635 2644
1636 2646
1637 2647
1638 2648
1639 2649
1640 2651
1641 2652
1642 2653
1643 2654
1644 2655
1645 2656
1646 2657
1647 2658
1648 2659
1649 2664
1650 2665
1651 2667
1652 2669
1653 2670
1654 2673
1655 2674
1656 2676
1657 2679
1658 2680
1659 2681
1660 2682
1661 2683
1662 2684
1663 2685
1664 2688
1665 2689
1666 2691
1667 2692
1668 2694
1669 2695
1670 2697
1671 2699
1672 2700
1673 2701
1674 2702
1675 2703
1676 2704
1677 2705
1678 2706
1679 2708
1680 2709
1681 2710
1682 2711
1683 2715
1684 2717
1685 2718
1686 2719
1687 2720
1688 2721
1689 2722
1690 2724
1691 2725
1692 2726
1693 2727
1694 2728
1695 2729
1696 2730
1697 2731
1698 2732
1699 2733
1700 2734
1701 2736
1702 2737
1703 2738
1704 2740
1705 2741
1706 2742
1707 2744
1708 2746
1709 2748
1710 2751
1711 2752
1712 2754
1713 2757
1714 2758
1715 2760
1716 2762
1717 2763
1718 2764
1719 2767
1720 2768
1721 2769
1722 2770
1723 2772
1724 2773
1725 2774
1726 2775
1727 2776
1728 2777
1729 2778
1730 2781
1731 2782
1732 2783
1733 2784
1734 2785
1735 2786
1736 2787
1737 2788
1738 2793
1739 2794
1740 2795
1741 2796
1742 2798
1743 2799
1744 2800
1745 2801
1746 2802
1747 2803
1748 2804
1749 2805
1750 2806
1751 2807
1752 2808
1753 2809
1754 2810
1755 2811
1756 2812
1757 2813
1758 2814
1759 2815
1760 2816
1761 2817
1762 2818
1763 2819
1764 2821
1765 2823
1766 2825
1767 2826
1768 2827
1769 2828
1770 2829
1771 2830
1772 2831
1773 2832
1774 2833
1775 2834
1776 2835
1777 2837
1778 2838
1779 2840
1780 2841
1781 2842
1782 2843
1783 2844
1784 2845
1785 2846
1786 2848
1787 2849
1788 2850
1789 2851
1790 2854
1791 2856
1792 2857
1793 2858
1794 2859
1795 2860
1796 2861
1797 2863
1798 2865
1799 2866
1800 2867
1801 2868
1802 2869
1803 2870
1804 2872
1805 2873
1806 2874
1807 2875
1808 2878
1809 2879
1810 2880
1811 2881
1812 2883
1813 2884
1814 2885
1815 2886
1816 2887
1817 2888
1818 2889
1819 2890
1820 2891
1821 2892
1822 2893
1823 2895
1824 2896
1825 2897
1826 2898
1827 2899
1828 2900
1829 2901
1830 2903
1831 2904
1832 2905
1833 2906
1834 2907
1835 2908
1836 2909
1837 2910
1838 2911
1839 2912
1840 2915
1841 2916
1842 2918
1843 2919
1844 2921
1845 2923
1846 2924
1847 2926
1848 2927
1849 2928
1850 2929
1851 2930
1852 2931
1853 2933
1854 2934
1855 2936
1856 2937
1857 2938
1858 2940
1859 2942
1860 2945
1861 2946
1862 2947
1863 2948
1864 2949
1865 2951
1866 2952
1867 2954
1868 2956
1869 2957
1870 2958
1871 2959
1872 2960
1873 2961
1874 2962
1875 2963
1876 2964
1877 2965
1878 2967
1879 2969
1880 2973
1881 2974
1882 2975
1883 2976
1884 2977
1885 2978
1886 2979
1887 2980
1888 2981
1889 2982
1890 2983
1891 2984
1892 2985
1893 2986
1894 2987
1895 2988
1896 2989
1897 2990
1898 2991
1899 2992
1900 2993
1901 2994
1902 2995
1903 2996
1904 2997
1905 2998
1906 2999
1907 3000
1908 3001
1909 3002
1910 3003
1911 3004
1912 3006
1913 3007
1914 3008
1915 3010
1916 3011
1917 3012
1918 3013
1919 3014
1920 3016
1921 3017
1922 3030
1923 3031
1924 3034
1925 3038
1926 3039
1927 3040
1928 3043
1929 3044
1930 3046
1931 3047
1932 3052
1933 3054
1934 3055
1935 3056
1936 3059
1937 3063
1938 3067
1939 3068
1940 3069
1941 3070
1942 3071
1943 3073
1944 3075
1945 3081
1946 3083
1947 3084
1948 3087
1949 3091
1950 3093
1951 3095
1952 3097
1953 3099
1954 3100
1955 3101
1956 3110
1957 3111
1958 3115
1959 3116
1960 3120
1961 3121
1962 3123
1963 3124
1964 3129
1965 3134
1966 3135
1967 3137
1968 3140
1969 3142
1970 3143
1971 3144
1972 3145
1973 3146
1974 3147
1975 3148
1976 3150
1977 3152
1978 3153
1979 3154
1980 3155
1981 3156
1982 3157
1983 3158
1984 3159
1985 3161
1986 3162
1987 3163
1988 3164
1989 3165
1990 3167
1991 3168
1992 3169
1993 3170
1994 3171
1995 3172
1996 3173
1997 3174
1998 3175
1999 3176
2000 3177
2001 3178
2002 3179
2003 3180
2004 3181
2005 3182
2006 3184
2007 3186
2008 3187
2009 3188
2010 3190
2011 3192
2012 3193
2013 3194
2014 3195
2015 3196
2016 3197
2017 3198
2018 3199
2019 3200
2020 3201
2021 3202
2022 3203
2023 3204
2024 3205
2025 3206
2026 3207
2027 3208
2028 3209
2029 3210
2030 3212
2031 3213
2032 3214
2033 3215
2034 3216
2035 3217
2036 3218
2037 3219
2038 3220
2039 3221
2040 3222
2041 3223
2042 3224
2043 3225
2044 3226
2045 3227
2046 3228
2047 3229
2048 3230
2049 3231
2050 3232
2051 3233
2052 3234
2053 3235
2054 3236
2055 3237
2056 3238
2057 3239
2058 3240
2059 3241
2060 3242
2061 3246
2062 3248
2063 3250
2064 3251
2065 3252
2066 3253
2067 3254
2068 3255
2069 3256
2070 3257
2071 3259
2072 3260
2073 3261
2074 3262
2075 3263
2076 3264
2077 3267
2078 3268
2079 3269
2080 3270
2081 3271
2082 3272
2083 3273
2084 3274
2085 3275
2086 3276
2087 3277
2088 3278
2089 3279
2090 3280
2091 3281
2092 3282
2093 3283
2094 3284
2095 3285
2096 3286
2097 3287
2098 3291
2099 3292
2100 3294
2101 3295
2102 3296
2103 3297
2104 3298
2105 3299
2106 3300
2107 3301
2108 3302
2109 3303
2110 3305
2111 3306
2112 3308
2113 3309
2114 3310
2115 3311
2116 3312
2117 3313
2118 3314
2119 3315
2120 3316
2121 3317
2122 3318
2123 3319
2124 3320
2125 3321
2126 3322
2127 3323
2128 3324
2129 3325
2130 3326
2131 3327
2132 3328
2133 3329
2134 3330
2135 3331
2136 3332
2137 3333
2138 3334
2139 3335
2140 3336
2141 3337
2142 3339
2143 3340
2144 3341
2145 3342
2146 3343
2147 3345
2148 3346
2149 3347
2150 3348
2151 3349
2152 3350
2153 3351
2154 3352
2155 3353
2156 3354
2157 3355
2158 3356
2159 3357
2160 3358
2161 3359
2162 3361
2163 3362
2164 3363
2165 3364
2166 3365
2167 3366
2168 3367
2169 3368
2170 3369
2171 3370
2172 3371
2173 3372
2174 3373
2175 3374
2176 3375
2177 3376
2178 3377
2179 3378
2180 3379
2181 3380
2182 3381
2183 3383
2184 3384
2185 3385
2186 3386
2187 3387
2188 3388
2189 3389
2190 3390
2191 3391
2192 3392
2193 3393
2194 3394
2195 3395
2196 3396
2197 3397
2198 3398
2199 3399
2200 3400
2201 3401
2202 3402
2203 3403
2204 3404
2205 3405
2206 3406
2207 3407
2208 3408
2209 3409
2210 3410
2211 3411
2212 3412
2213 3413
2214 3414
2215 3415
2216 3416
2217 3417
2218 3418
2219 3419
2220 3420
2221 3421
2222 3422
2223 3423
2224 3424
2225 3425
2226 3426
2227 3427
2228 3428
2229 3429
2230 3430
2231 3431
2232 3432
2233 3433
2234 3434
2235 3435
2236 3436
2237 3437
2238 3438
2239 3439
2240 3440
2241 3441
2242 3442
2243 3443
2244 3444
2245 3445
2246 3446
2247 3447
2248 3448
2249 3449
2250 3450
2251 3451
2252 3452
2253 3453
2254 3454
2255 3455
2256 3456
2257 3457
2258 3458
2259 3459
2260 3460
2261 3461
2262 3462
2263 3463
2264 3464
2265 3465
2266 3466
2267 3467
2268 3468
2269 3469
2270 3470
2271 3471
2272 3472
2273 3473
2274 3474
2275 3475
2276 3476
2277 3477
2278 3478
2279 3479
2280 3480
2281 3481
2282 3482
2283 3483
2284 3484
2285 3485
2286 3486
2287 3487
2288 3488
2289 3489
2290 3490
2291 3491
2292 3492
2293 3493
2294 3494
2295 3495
2296 3496
2297 3497
2298 3498
2299 3499
2300 3500
2301 3501
2302 3502
2303 3503
2304 3504
2305 3505
2306 3506
2307 3507
2308 3508
2309 3509
2310 3510
2311 3511
2312 3512
2313 3513
2314 3514
2315 3515
2316 3516
2317 3517
2318 3518
2319 3519
2320 3520
2321 3521
2322 3522
2323 3523
2324 3524
2325 3525
2326 3526
2327 3527
2328 3528
2329 3529
2330 3530
2331 3531
2332 3532
2333 3533
2334 3534
2335 3535
2336 3536
2337 3537
2338 3538
2339 3539
2340 3540
2341 3541
2342 3542
2343 3543
2344 3544
2345 3545
2346 3546
2347 3547
2348 3548
2349 3549
2350 3550
2351 3551
2352 3552
2353 3553
2354 3554
2355 3555
2356 3556
2357 3557
2358 3558
2359 3559
2360 3560
2361 3561
2362 3562
2363 3563
2364 3564
2365 3565
2366 3566
2367 3567
2368 3568
2369 3569
2370 3570
2371 3571
2372 3572
2373 3573
2374 3574
2375 3575
2376 3576
2377 3577
2378 3578
2379 3579
2380 3580
2381 3581
2382 3582
2383 3583
2384 3584
2385 3585
2386 3587
2387 3588
2388 3591
2389 3592
2390 3593
2391 3594
2392 3596
2393 3598
2394 3600
2395 3601
2396 3602
2397 3603
2398 3604
2399 3605
2400 3606
2401 3609
2402 3611
2403 3612
2404 3613
2405 3614
2406 3616
2407 3617
2408 3618
2409 3620
2410 3621
2411 3624
2412 3625
2413 3626
2414 3627
2415 3629
2416 3632
2417 3635
2418 3636
2419 3637
2420 3638
2421 3639
2422 3640
2423 3641
2424 3642
2425 3643
2426 3644
2427 3645
2428 3646
2429 3648
2430 3651
2431 3655
2432 3656
2433 3657
2434 3658
2435 3659
2436 3660
2437 3661
2438 3662
2439 3663
2440 3665
2441 3666
2442 3668
2443 3670
2444 3671
2445 3673
2446 3674
2447 3675
2448 3676
2449 3677
2450 3678
2451 3679
2452 3680
2453 3681
2454 3683
2455 3687
2456 3688
2457 3689
2458 3690
2459 3691
2460 3692
2461 3693
2462 3695
2463 3697
2464 3700
2465 3704
2466 3707
2467 3708
2468 3710
2469 3711
2470 3712
2471 3715
2472 3716
2473 3717
2474 3718
2475 3721
2476 3724
2477 3726
2478 3727
2479 3728
2480 3729
2481 3731
2482 3732
2483 3733
2484 3735
2485 3736
2486 3740
2487 3741
2488 3743
2489 3744
2490 3746
2491 3748
2492 3749
2493 3750
2494 3751
2495 3752
2496 3753
2497 3754
2498 3755
2499 3756
2500 3757
2501 3758
2502 3759
2503 3760
2504 3761
2505 3762
2506 3763
2507 3765
2508 3766
2509 3768
2510 3769
2511 3771
2512 3773
2513 3774
2514 3775
2515 3776
2516 3777
2517 3779
2518 3780
2519 3781
2520 3782
2521 3784
2522 3786
2523 3787
2524 3788
2525 3791
2526 3793
2527 3794
2528 3795
2529 3796
2530 3798
2531 3799
2532 3800
2533 3801
2534 3802
2535 3803
2536 3804
2537 3805
2538 3806
2539 3807
2540 3808
2541 3811
2542 3812
2543 3813
2544 3815
2545 3816
2546 3817
2547 3819
2548 3820
2549 3821
2550 3822
2551 3823
2552 3824
2553 3825
2554 3826
2555 3828
2556 3829
2557 3830
2558 3831
2559 3832
2560 3833
2561 3834
2562 3835
2563 3836
2564 3837
2565 3838
2566 3839
2567 3841
2568 3842
2569 3843
2570 3844
2571 3845
2572 3847
2573 3849
2574 3850
2575 3851
2576 3852
2577 3853
2578 3854
2579 3855
2580 3856
2581 3858
2582 3860
2583 3861
2584 3862
2585 3863
2586 3864
2587 3865
2588 3869
2589 3870
2590 3871
2591 3873
2592 3874
2593 3875
2594 3877
2595 3878
2596 3879
2597 3880
2598 3882
2599 3884
2600 3885
2601 3886
2602 3887
2603 3889
2604 3890
2605 3892
2606 3893
2607 3895
2608 3897
2609 3898
2610 3899
2611 3900
2612 3901
2613 3902
2614 3903
2615 3905
2616 3906
2617 3907
2618 3908
2619 3911
2620 3915
2621 3918
2622 3919
2623 3920
2624 3926
2625 3927
2626 3928
2627 3936
2628 3941
2629 3955
2630 3956
2631 3960
2632 3976
2633 3980
2634 3981
2635 3983
2636 3985
2637 3988
2638 3991
2639 3997
2640 4002
2641 4003
2642 4007
2643 4018
2644 4042
2645 4047
2646 4056
2647 4058
2648 4064
2649 4067
2650 4069
2651 4070
2652 4071
2653 4072
2654 4085
2655 4087
2656 4089
2657 4091
2658 4095
2659 4097
2660 4098
2661 4102
2662 4104
2663 4113
2664 4115
2665 4116
2666 4117
2667 4126
2668 4128
2669 4130
2670 4132
2671 4134
2672 4138
2673 4139
2674 4140
2675 4143
2676 4144
2677 4151
2678 4154
2679 4155
2680 4159
2681 4160
2682 4164
2683 4169
2684 4170
2685 4173
2686 4174
2687 4175
2688 4178
2689 4183
2690 4190
2691 4191
2692 4192
2693 4193
2694 4196
2695 4197
2696 4198
2697 4200
2698 4203
2699 4204
2700 4206
2701 4207
2702 4209
2703 4210
2704 4212
2705 4214
2706 4215
2707 4216
2708 4218
2709 4221
2710 4223
2711 4225
2712 4229
2713 4231
2714 4233
2715 4235
2716 4236
2717 4237
2718 4239
2719 4240
2720 4241
2721 4243
2722 4244
2723 4245
2724 4246
2725 4248
2726 4249
2727 4251
2728 4252
2729 4253
2730 4254
2731 4255
2732 4256
2733 4257
2734 4258
2735 4259
2736 4262
2737 4263
2738 4264
2739 4265
2740 4267
2741 4269
2742 4271
2743 4272
2744 4274
2745 4275
2746 4277
2747 4278
2748 4279
2749 4280
2750 4281
2751 4284
2752 4286
2753 4288
2754 4290
2755 4292
2756 4293
2757 4295
2758 4296
2759 4297
2760 4298
2761 4299
2762 4300
2763 4301
2764 4302
2765 4303
2766 4304
2767 4308
2768 4309
2769 4310
2770 4311
2771 4314
2772 4315
2773 4317
2774 4319
2775 4320
2776 4322
2777 4323
2778 4324
2779 4327
2780 4328
2781 4329
2782 4330
2783 4331
2784 4332
2785 4333
2786 4334
2787 4339
2788 4340
2789 4341
2790 4342
2791 4343
2792 4344
2793 4345
2794 4346
2795 4347
2796 4348
2797 4349
2798 4350
2799 4351
2800 4352
2801 4353
2802 4354
2803 4355
2804 4356
2805 4360
2806 4361
2807 4362
2808 4368
2809 4370
2810 4371
2811 4372
2812 4374
2813 4375
2814 4376
2815 4378
2816 4380
2817 4382
2818 4384
2819 4385
2820 4387
2821 4388
2822 4389
2823 4390
2824 4391
2825 4392
2826 4393
2827 4394
2828 4395
2829 4397
2830 4398
2831 4399
2832 4400
2833 4401
2834 4402
2835 4403
2836 4405
2837 4407
2838 4408
2839 4412
2840 4413
2841 4414
2842 4415
2843 4418
2844 4419
2845 4420
2846 4421
2847 4422
2848 4423
2849 4424
2850 4426
2851 4427
2852 4428
2853 4430
2854 4431
2855 4432
2856 4433
2857 4434
2858 4435
2859 4441
2860 4444
2861 4445
2862 4446
2863 4447
2864 4448
2865 4452
2866 4453
2867 4454
2868 4455
2869 4456
2870 4457
2871 4458
2872 4459
2873 4460
2874 4461
2875 4462
2876 4463
2877 4464
2878 4465
2879 4467
2880 4468
2881 4469
2882 4470
2883 4471
2884 4472
2885 4476
2886 4477
2887 4479
2888 4480
2889 4481
2890 4482
2891 4483
2892 4484
2893 4485
2894 4486
2895 4487
2896 4489
2897 4490
2898 4491
2899 4492
2900 4493
2901 4494
2902 4495
2903 4496
2904 4497
2905 4498
2906 4499
2907 4501
2908 4502
2909 4503
2910 4504
2911 4505
2912 4507
2913 4508
2914 4509
2915 4510
2916 4511
2917 4512
2918 4513
2919 4514
2920 4515
2921 4519
2922 4520
2923 4521
2924 4522
2925 4523
2926 4525
2927 4526
2928 4527
2929 4528
2930 4529
2931 4532
2932 4533
2933 4534
2934 4535
2935 4536
2936 4537
2937 4538
2938 4539
2939 4541
2940 4542
2941 4544
2942 4545
2943 4546
2944 4547
2945 4548
2946 4549
2947 4550
2948 4551
2949 4552
2950 4553
2951 4555
2952 4557
2953 4558
2954 4560
2955 4562
2956 4563
2957 4564
2958 4565
2959 4566
2960 4567
2961 4568
2962 4569
2963 4570
2964 4572
2965 4573
2966 4574
2967 4575
2968 4576
2969 4578
2970 4579
2971 4580
2972 4581
2973 4582
2974 4584
2975 4585
2976 4587
2977 4588
2978 4589
2979 4591
2980 4593
2981 4594
2982 4595
2983 4596
2984 4597
2985 4598
2986 4600
2987 4601
2988 4602
2989 4603
2990 4607
2991 4608
2992 4609
2993 4610
2994 4611
2995 4612
2996 4613
2997 4614
2998 4615
2999 4616
3000 4617
3001 4618
3002 4619
3003 4620
3004 4621
3005 4622
3006 4625
3007 4626
3008 4627
3009 4628
3010 4629
3011 4631
3012 4633
3013 4638
3014 4641
3015 4642
3016 4643
3017 4647
3018 4648
3019 4650
3020 4651
3021 4654
3022 4656
3023 4657
3024 4668
3025 4670
3026 4673
3027 4675
3028 4687
3029 4691
3030 4693
3031 4694
3032 4695
3033 4696
3034 4697
3035 4701
3036 4703
3037 4705
3038 4708
3039 4711
3040 4716
3041 4720
3042 4722
3043 4731
3044 4733
3045 4734
3046 4743
3047 4746
3048 4747
3049 4748
3050 4749
3051 4750
3052 4751
3053 4752
3054 4753
3055 4755
3056 4756
3057 4757
3058 4759
3059 4761
3060 4762
3061 4764
3062 4765
3063 4766
3064 4767
3065 4768
3066 4769
3067 4770
3068 4771
3069 4772
3070 4773
3071 4774
3072 4776
3073 4777
3074 4778
3075 4779
3076 4780
3077 4781
3078 4782
3079 4783
3080 4784
3081 4785
3082 4786
3083 4787
3084 4788
3085 4789
3086 4790
3087 4792
3088 4793
3089 4794
3090 4795
3091 4796
3092 4797
3093 4799
3094 4800
3095 4801
3096 4802
3097 4803
3098 4804
3099 4805
3100 4807
3101 4808
3102 4809
3103 4811
3104 4812
3105 4813
3106 4814
3107 4815
3108 4816
3109 4817
3110 4818
3111 4820
3112 4821
3113 4823
3114 4824
3115 4825
3116 4826
3117 4827
3118 4828
3119 4829
3120 4830
3121 4831
3122 4832
3123 4833
3124 4834
3125 4835
3126 4836
3127 4837
3128 4838
3129 4839
3130 4840
3131 4841
3132 4842
3133 4843
3134 4844
3135 4845
3136 4846
3137 4848
3138 4849
3139 4850
3140 4851
3141 4852
3142 4854
3143 4855
3144 4856
3145 4857
3146 4859
3147 4860
3148 4861
3149 4862
3150 4863
3151 4864
3152 4865
3153 4866
3154 4867
3155 4868
3156 4869
3157 4870
3158 4871
3159 4872
3160 4873
3161 4874
3162 4876
3163 4877
3164 4878
3165 4879
3166 4880
3167 4881
3168 4882
3169 4883
3170 4884
3171 4885
3172 4886
3173 4887
3174 4888
3175 4889
3176 4890
3177 4891
3178 4892
3179 4893
3180 4894
3181 4895
3182 4896
3183 4897
3184 4898
3185 4899
3186 4900
3187 4901
3188 4902
3189 4903
3190 4904
3191 4905
3192 4906
3193 4907
3194 4908
3195 4909
3196 4910
3197 4911
3198 4912
3199 4913
3200 4914
3201 4915
3202 4916
3203 4917
3204 4918
3205 4919
3206 4920
3207 4921
3208 4922
3209 4923
3210 4924
3211 4925
3212 4926
3213 4927
3214 4928
3215 4929
3216 4930
3217 4931
3218 4933
3219 4934
3220 4935
3221 4936
3222 4937
3223 4938
3224 4939
3225 4940
3226 4941
3227 4942
3228 4943
3229 4945
3230 4946
3231 4947
3232 4948
3233 4949
3234 4950
3235 4951
3236 4952
3237 4953
3238 4954
3239 4955
3240 4956
3241 4957
3242 4958
3243 4959
3244 4960
3245 4961
3246 4962
3247 4963
3248 4964
3249 4965
3250 4966
3251 4967
3252 4968
3253 4969
3254 4970
3255 4971
3256 4972
3257 4973
3258 4974
3259 4975
3260 4976
3261 4977
3262 4979
3263 4980
3264 4981
3265 4982
3266 4983
3267 4984
3268 4985
3269 4986
3270 4988
3271 4989
3272 4990
3273 4991
3274 4992
3275 4993
3276 4994
3277 4995
3278 4996
3279 4997
3280 4998
3281 4999
3282 5000
3283 5001
3284 5002
3285 5003
3286 5004
3287 5005
3288 5006
3289 5007
3290 5008
3291 5009
3292 5010
3293 5011
3294 5012
3295 5013
3296 5014
3297 5015
3298 5016
3299 5017
3300 5018
3301 5019
3302 5020
3303 5021
3304 5022
3305 5023
3306 5024
3307 5025
3308 5026
3309 5028
3310 5029
3311 5030
3312 5031
3313 5032
3314 5033
3315 5034
3316 5035
3317 5036
3318 5037
3319 5038
3320 5039
3321 5040
3322 5041
3323 5042
3324 5043
3325 5044
3326 5045
3327 5046
3328 5047
3329 5048
3330 5049
3331 5050
3332 5051
3333 5052
3334 5053
3335 5054
3336 5055
3337 5056
3338 5057
3339 5058
3340 5059
3341 5060
3342 5061
3343 5062
3344 5063
3345 5064
3346 5065
3347 5066
3348 5067
3349 5068
3350 5069
3351 5070
3352 5071
3353 5072
3354 5073
3355 5074
3356 5075
3357 5076
3358 5077
3359 5078
3360 5079
3361 5080
3362 5081
3363 5082
3364 5083
3365 5084
3366 5085
3367 5086
3368 5087
3369 5088
3370 5089
3371 5090
3372 5091
3373 5092
3374 5093
3375 5094
3376 5095
3377 5096
3378 5097
3379 5098
3380 5099
3381 5100
3382 5101
3383 5102
3384 5103
3385 5104
3386 5105
3387 5106
3388 5107
3389 5108
3390 5109
3391 5110
3392 5111
3393 5112
3394 5113
3395 5114
3396 5115
3397 5116
3398 5117
3399 5118
3400 5119
3401 5120
3402 5121
3403 5122
3404 5123
3405 5124
3406 5125
3407 5126
3408 5127
3409 5128
3410 5129
3411 5130
3412 5131
3413 5132
3414 5133
3415 5134
3416 5135
3417 5136
3418 5137
3419 5138
3420 5139
3421 5140
3422 5141
3423 5142
3424 5143
3425 5144
3426 5145
3427 5146
3428 5147
3429 5148
3430 5149
3431 5150
3432 5151
3433 5152
3434 5153
3435 5154
3436 5155
3437 5156
3438 5157
3439 5158
3440 5159
3441 5160
3442 5161
3443 5162
3444 5163
3445 5164
3446 5165
3447 5166
3448 5167
3449 5168
3450 5169
3451 5170
3452 5171
3453 5172
3454 5173
3455 5174
3456 5175
3457 5176
3458 5177
3459 5178
3460 5179
3461 5180
3462 5181
3463 5182
3464 5183
3465 5184
3466 5185
3467 5186
3468 5187
3469 5188
3470 5189
3471 5190
3472 5191
3473 5192
3474 5193
3475 5194
3476 5195
3477 5196
3478 5197
3479 5198
3480 5199
3481 5200
3482 5201
3483 5202
3484 5203
3485 5204
3486 5207
3487 5208
3488 5209
3489 5213
3490 5214
3491 5217
3492 5218
3493 5220
3494 5221
3495 5223
3496 5224
3497 5227
3498 5229
3499 5230
3500 5233
3501 5234
3502 5235
3503 5236
3504 5238
3505 5239
3506 5240
3507 5242
3508 5243
3509 5244
3510 5245
3511 5247
3512 5248
3513 5250
3514 5255
3515 5256
3516 5258
3517 5259
3518 5263
3519 5264
3520 5267
3521 5268
3522 5269
3523 5270
3524 5271
3525 5272
3526 5275
3527 5277
3528 5279
3529 5280
3530 5281
3531 5282
3532 5283
3533 5284
3534 5286
3535 5289
3536 5292
3537 5293
3538 5294
3539 5295
3540 5296
3541 5298
3542 5299
3543 5300
3544 5301
3545 5303
3546 5304
3547 5305
3548 5306
3549 5307
3550 5308
3551 5309
3552 5310
3553 5311
3554 5312
3555 5313
3556 5314
3557 5316
3558 5317
3559 5318
3560 5319
3561 5320
3562 5321
3563 5322
3564 5323
3565 5324
3566 5325
3567 5327
3568 5329
3569 5332
3570 5333
3571 5334
3572 5335
3573 5336
3574 5337
3575 5338
3576 5340
3577 5341
3578 5342
3579 5343
3580 5344
3581 5345
3582 5346
3583 5347
3584 5349
3585 5350
3586 5351
3587 5354
3588 5355
3589 5356
3590 5357
3591 5358
3592 5359
3593 5360
3594 5361
3595 5362
3596 5363
3597 5368
3598 5369
3599 5370
3600 5371
3601 5372
3602 5373
3603 5376
3604 5377
3605 5378
3606 5379
3607 5380
3608 5382
3609 5384
3610 5385
3611 5386
3612 5388
3613 5389
3614 5390
3615 5391
3616 5392
3617 5393
3618 5394
3619 5395
3620 5396
3621 5397
3622 5398
3623 5399
3624 5400
3625 5403
3626 5405
3627 5406
3628 5407
3629 5408
3630 5411
3631 5414
3632 5415
3633 5417
3634 5418
3635 5419
3636 5423
3637 5424
3638 5425
3639 5426
3640 5427
3641 5428
3642 5429
3643 5430
3644 5431
3645 5432
3646 5434
3647 5435
3648 5437
3649 5438
3650 5440
3651 5441
3652 5444
3653 5445
3654 5447
3655 5449
3656 5451
3657 5452
3658 5454
3659 5455
3660 5456
3661 5457
3662 5458
3663 5459
3664 5461
3665 5462
3666 5463
3667 5465
3668 5467
3669 5469
3670 5470
3671 5471
3672 5472
3673 5473
3674 5475
3675 5476
3676 5478
3677 5479
3678 5480
3679 5481
3680 5482
3681 5483
3682 5484
3683 5486
3684 5487
3685 5488
3686 5489
3687 5492
3688 5493
3689 5494
3690 5495
3691 5497
3692 5498
3693 5499
3694 5500
3695 5503
3696 5505
3697 5506
3698 5507
3699 5508
3700 5509
3701 5511
3702 5512
3703 5514
3704 5516
3705 5518
3706 5521
3707 5529
3708 5530
3709 5531
3710 5533
3711 5544
3712 5547
3713 5548
3714 5549
3715 5551
3716 5553
3717 5556
3718 5558
3719 5569
3720 5573
3721 5577
3722 5586
3723 5597
3724 5600
3725 5608
3726 5613
3727 5616
3728 5617
3729 5618
3730 5619
3731 5620
3732 5627
3733 5631
3734 5637
3735 5644
3736 5646
3737 5647
3738 5648
3739 5650
3740 5652
3741 5653
3742 5662
3743 5665
3744 5667
3745 5673
3746 5674
3747 5675
3748 5676
3749 5679
3750 5685
3751 5689
3752 5691
3753 5692
3754 5697
3755 5699
3756 5705
3757 5708
3758 5713
3759 5715
3760 5717
3761 5720
3762 5722
3763 5728
3764 5733
3765 5737
3766 5744
3767 5746
3768 5750
3769 5752
3770 5757
3771 5759
3772 5761
3773 5763
3774 5764
3775 5766
3776 5769
3777 5773
3778 5774
3779 5779
3780 5780
3781 5784
3782 5786
3783 5788
3784 5789
3785 5790
3786 5798
3787 5799
3788 5800
3789 5802
3790 5803
3791 5805
3792 5806
3793 5807
3794 5808
3795 5809
3796 5810
3797 5815
3798 5817
3799 5819
3800 5820
3801 5821
3802 5822
3803 5823
3804 5824
3805 5825
3806 5827
3807 5828
3808 5829
3809 5830
3810 5832
3811 5833
3812 5836
3813 5837
3814 5839
3815 5840
3816 5841
3817 5842
3818 5843
3819 5845
3820 5846
3821 5847
3822 5851
3823 5852
3824 5854
3825 5855
3826 5856
3827 5857
3828 5858
3829 5860
3830 5861
3831 5862
3832 5863
3833 5864
3834 5866
3835 5867
3836 5868
3837 5869
3838 5870
3839 5871
3840 5873
3841 5875
3842 5877
3843 5879
3844 5880
3845 5881
3846 5883
3847 5884
3848 5885
3849 5886
3850 5887
3851 5888
3852 5889
3853 5890
3854 5891
3855 5892
3856 5893
3857 5894
3858 5895
3859 5896
3860 5897
3861 5899
3862 5900
3863 5904
3864 5905
3865 5906
3866 5911
3867 5912
3868 5914
3869 5916
3870 5918
3871 5919
3872 5920
3873 5921
3874 5922
3875 5923
3876 5924
3877 5925
3878 5926
3879 5927
3880 5928
3881 5929
3882 5930
3883 5931
3884 5932
3885 5933
3886 5934
3887 5936
3888 5937
3889 5938
3890 5939
3891 5940
3892 5941
3893 5942
3894 5943
3895 5945
3896 5946
3897 5947
3898 5948
3899 5951
3900 5953
3901 5955
3902 5958
3903 5959
3904 5962
3905 5963
3906 5965
3907 5966
3908 5967
3909 5968
3910 5969
3911 5970
3912 5971
3913 5972
3914 5974
3915 5975
3916 5976
3917 5977
3918 5978
3919 5979
3920 5981
3921 5982
3922 5983
3923 5984
3924 5985
3925 5986
3926 5988
3927 5989
3928 5990
3929 5991
3930 5992
3931 5994
3932 5996
3933 5999
3934 6000
3935 6002
3936 6003
3937 6004
3938 6006
3939 6007
3940 6009
3941 6011
3942 6012
3943 6014
3944 6015
3945 6016
3946 6018
3947 6020
3948 6023
3949 6024
3950 6025
3951 6026
3952 6029
3953 6030
3954 6031
3955 6032
3956 6033
3957 6034
3958 6035
3959 6036
3960 6037
3961 6038
3962 6039
3963 6040
3964 6042
3965 6043
3966 6044
3967 6045
3968 6046
3969 6047
3970 6048
3971 6049
3972 6050
3973 6051
3974 6053
3975 6054
3976 6058
3977 6060
3978 6062
3979 6064
3980 6065
3981 6066
3982 6067
3983 6069
3984 6071
3985 6072
3986 6073
3987 6074
3988 6075
3989 6076
3990 6077
3991 6078
3992 6079
3993 6080
3994 6081
3995 6082
3996 6083
3997 6084
3998 6085
3999 6087
4000 6089
4001 6091
4002 6092
4003 6095
4004 6096
4005 6097
4006 6098
4007 6099
4008 6100
4009 6101
4010 6102
4011 6104
4012 6105
4013 6106
4014 6107
4015 6108
4016 6111
4017 6112
4018 6113
4019 6114
4020 6115
4021 6116
4022 6117
4023 6118
4024 6119
4025 6120
4026 6121
4027 6122
4028 6123
4029 6125
4030 6126
4031 6127
4032 6128
4033 6129
4034 6130
4035 6131
4036 6132
4037 6133
4038 6134
4039 6135
4040 6136
4041 6137
4042 6138
4043 6140
4044 6141
4045 6142
4046 6143
4047 6144
4048 6146
4049 6147
4050 6148
4051 6149
4052 6150
4053 6152
4054 6153
4055 6154
4056 6155
4057 6156
4058 6157
4059 6158
4060 6159
4061 6160
4062 6161
4063 6162
4064 6164
4065 6165
4066 6166
4067 6167
4068 6168
4069 6169
4070 6170
4071 6174
4072 6175
4073 6179
4074 6181
4075 6182
4076 6183
4077 6185
4078 6186
4079 6187
4080 6188
4081 6189
4082 6190
4083 6191
4084 6192
4085 6194
4086 6196
4087 6198
4088 6200
4089 6201
4090 6202
4091 6203
4092 6205
4093 6206
4094 6208
4095 6209
4096 6212
4097 6214
4098 6216
4099 6218
4100 6225
4101 6226
4102 6227
4103 6228
4104 6230
4105 6231
4106 6232
4107 6234
4108 6236
4109 6237
4110 6240
4111 6243
4112 6247
4113 6249
4114 6252
4115 6256
4116 6257
4117 6260
4118 6262
4119 6263
4120 6273
4121 6277
4122 6279
4123 6284
4124 6286
4125 6290
4126 6291
4127 6294
4128 6297
4129 6298
4130 6299
4131 6301
4132 6302
4133 6304
4134 6305
4135 6306
4136 6310
4137 6312
4138 6313
4139 6314
4140 6318
4141 6322
4142 6323
4143 6324
4144 6326
4145 6327
4146 6328
4147 6329
4148 6333
4149 6334
4150 6335
4151 6336
4152 6337
4153 6338
4154 6339
4155 6340
4156 6341
4157 6342
4158 6343
4159 6344
4160 6345
4161 6347
4162 6348
4163 6349
4164 6350
4165 6351
4166 6352
4167 6353
4168 6354
4169 6355
4170 6356
4171 6358
4172 6359
4173 6360
4174 6361
4175 6362
4176 6363
4177 6364
4178 6365
4179 6366
4180 6367
4181 6368
4182 6369
4183 6370
4184 6371
4185 6372
4186 6373
4187 6374
4188 6375
4189 6376
4190 6378
4191 6379
4192 6380
4193 6381
4194 6382
4195 6383
4196 6384
4197 6385
4198 6386
4199 6387
4200 6388
4201 6389
4202 6390
4203 6391
4204 6392
4205 6393
4206 6394
4207 6395
4208 6396
4209 6397
4210 6398
4211 6399
4212 6400
4213 6401
4214 6402
4215 6403
4216 6404
4217 6405
4218 6406
4219 6407
4220 6408
4221 6409
4222 6410
4223 6411
4224 6412
4225 6413
4226 6414
4227 6415
4228 6416
4229 6417
4230 6418
4231 6419
4232 6420
4233 6421
4234 6423
4235 6424
4236 6425
4237 6426
4238 6427
4239 6428
4240 6429
4241 6430
4242 6431
4243 6432
4244 6433
4245 6434
4246 6435
4247 6436
4248 6437
4249 6438
4250 6439
4251 6440
4252 6442
4253 6443
4254 6444
4255 6445
4256 6446
4257 6447
4258 6448
4259 6449
4260 6450
4261 6451
4262 6452
4263 6453
4264 6454
4265 6455
4266 6456
4267 6457
4268 6458
4269 6459
4270 6460
4271 6461
4272 6462
4273 6463
4274 6464
4275 6465
4276 6466
4277 6468
4278 6469
4279 6470
4280 6471
4281 6472
4282 6473
4283 6474
4284 6475
4285 6476
4286 6477
4287 6478
4288 6479
4289 6480
4290 6481
4291 6482
4292 6483
4293 6484
4294 6485
4295 6486
4296 6487
4297 6488
4298 6489
4299 6490
4300 6491
4301 6492
4302 6493
4303 6494
4304 6495
4305 6496
4306 6497
4307 6498
4308 6499
4309 6500
4310 6501
4311 6503
4312 6504
4313 6505
4314 6506
4315 6507
4316 6508
4317 6509
4318 6510
4319 6511
4320 6512
4321 6513
4322 6514
4323 6515
4324 6516
4325 6517
4326 6518
4327 6519
4328 6520
4329 6521
4330 6522
4331 6524
4332 6525
4333 6526
4334 6527
4335 6528
4336 6529
4337 6530
4338 6531
4339 6532
4340 6534
4341 6535
4342 6536
4343 6537
4344 6538
4345 6539
4346 6540
4347 6541
4348 6542
4349 6543
4350 6544
4351 6545
4352 6546
4353 6547
4354 6548
4355 6549
4356 6550
4357 6551
4358 6552
4359 6553
4360 6554
4361 6555
4362 6556
4363 6557
4364 6558
4365 6559
4366 6560
4367 6561
4368 6562
4369 6563
4370 6564
4371 6565
4372 6566
4373 6567
4374 6568
4375 6569
4376 6570
4377 6571
4378 6572
4379 6573
4380 6574
4381 6575
4382 6576
4383 6577
4384 6578
4385 6579
4386 6580
4387 6581
4388 6582
4389 6583
4390 6584
4391 6585
4392 6586
4393 6587
4394 6588
4395 6589
4396 6590
4397 6591
4398 6592
4399 6593
4400 6594
4401 6595
4402 6596
4403 6597
4404 6598
4405 6599
4406 6600
4407 6601
4408 6602
4409 6603
4410 6604
4411 6605
4412 6606
4413 6607
4414 6608
4415 6609
4416 6610
4417 6611
4418 6612
4419 6613
4420 6614
4421 6615
4422 6616
4423 6617
4424 6618
4425 6619
4426 6620
4427 6621
4428 6622
4429 6623
4430 6624
4431 6625
4432 6626
4433 6627
4434 6628
4435 6629
4436 6630
4437 6631
4438 6632
4439 6633
4440 6634
4441 6635
4442 6636
4443 6637
4444 6638
4445 6639
4446 6640
4447 6641
4448 6642
4449 6643
4450 6644
4451 6645
4452 6646
4453 6647
4454 6648
4455 6649
4456 6650
4457 6651
4458 6652
4459 6653
4460 6654
4461 6655
4462 6656
4463 6657
4464 6658
4465 6659
4466 6660
4467 6661
4468 6662
4469 6663
4470 6664
4471 6665
4472 6666
4473 6667
4474 6668
4475 6669
4476 6670
4477 6671
4478 6672
4479 6673
4480 6674
4481 6675
4482 6676
4483 6677
4484 6678
4485 6679
4486 6680
4487 6681
4488 6682
4489 6683
4490 6684
4491 6685
4492 6686
4493 6687
4494 6688
4495 6689
4496 6690
4497 6691
4498 6692
4499 6693
4500 6694
4501 6695
4502 6696
4503 6697
4504 6698
4505 6699
4506 6700
4507 6701
4508 6702
4509 6703
4510 6704
4511 6705
4512 6706
4513 6707
4514 6708
4515 6709
4516 6710
4517 6711
4518 6712
4519 6713
4520 6714
4521 6715
4522 6717
4523 6718
4524 6719
4525 6721
4526 6722
4527 6723
4528 6725
4529 6726
4530 6727
4531 6728
4532 6729
4533 6730
4534 6731
4535 6732
4536 6733
4537 6734
4538 6735
4539 6736
4540 6737
4541 6741
4542 6743
4543 6744
4544 6748
4545 6750
4546 6751
4547 6754
4548 6758
4549 6761
4550 6762
4551 6765
4552 6766
4553 6768
4554 6769
4555 6770
4556 6772
4557 6773
4558 6774
4559 6777
4560 6779
4561 6781
4562 6783
4563 6784
4564 6785
4565 6786
4566 6790
4567 6791
4568 6792
4569 6793
4570 6794
4571 6795
4572 6796
4573 6797
4574 6798
4575 6799
4576 6800
4577 6802
4578 6804
4579 6805
4580 6806
4581 6807
4582 6809
4583 6810
4584 6811
4585 6813
4586 6814
4587 6815
4588 6816
4589 6817
4590 6818
4591 6819
4592 6820
4593 6821
4594 6822
4595 6823
4596 6824
4597 6825
4598 6826
4599 6827
4600 6828
4601 6830
4602 6831
4603 6832
4604 6835
4605 6836
4606 6837
4607 6838
4608 6840
4609 6841
4610 6842
4611 6843
4612 6844
4613 6845
4614 6847
4615 6848
4616 6849
4617 6850
4618 6851
4619 6852
4620 6853
4621 6855
4622 6856
4623 6857
4624 6858
4625 6859
4626 6860
4627 6861
4628 6862
4629 6863
4630 6864
4631 6866
4632 6867
4633 6869
4634 6871
4635 6872
4636 6873
4637 6874
4638 6875
4639 6876
4640 6878
4641 6880
4642 6881
4643 6883
4644 6884
4645 6885
4646 6886
4647 6887
4648 6888
4649 6889
4650 6890
4651 6891
4652 6892
4653 6893
4654 6894
4655 6895
4656 6896
4657 6897
4658 6900
4659 6901
4660 6902
4661 6903
4662 6905
4663 6906
4664 6907
4665 6908
4666 6909
4667 6911
4668 6912
4669 6913
4670 6914
4671 6915
4672 6917
4673 6918
4674 6919
4675 6920
4676 6921
4677 6922
4678 6923
4679 6924
4680 6925
4681 6926
4682 6927
4683 6928
4684 6929
4685 6931
4686 6932
4687 6933
4688 6934
4689 6936
4690 6937
4691 6938
4692 6939
4693 6940
4694 6941
4695 6942
4696 6943
4697 6944
4698 6947
4699 6949
4700 6950
4701 6951
4702 6953
4703 6954
4704 6955
4705 6956
4706 6957
4707 6959
4708 6960
4709 6961
4710 6962
4711 6963
4712 6964
4713 6965
4714 6969
4715 6971
4716 6972
4717 6973
4718 6975
4719 6976
4720 6979
4721 6980
4722 6981
4723 6982
4724 6987
4725 6988
4726 6989
4727 6990
4728 6991
4729 6992
4730 6994
4731 6995
4732 6996
4733 6997
4734 6998
4735 6999
4736 7000
4737 7001
4738 7002
4739 7004
4740 7005
4741 7006
4742 7008
4743 7009
4744 7010
4745 7011
4746 7012
4747 7016
4748 7017
4749 7019
4750 7021
4751 7022
4752 7023
4753 7024
4754 7025
4755 7026
4756 7027
4757 7030
4758 7032
4759 7033
4760 7036
4761 7037
4762 7038
4763 7040
4764 7041
4765 7042
4766 7044
4767 7045
4768 7048
4769 7050
4770 7051
4771 7052
4772 7053
4773 7054
4774 7055
4775 7056
4776 7057
4777 7058
4778 7059
4779 7060
4780 7061
4781 7063
4782 7064
4783 7065
4784 7066
4785 7067
4786 7068
4787 7069
4788 7073
4789 7074
4790 7075
4791 7077
4792 7089
4793 7095
4794 7099
4795 7106
4796 7110
4797 7112
4798 7116
4799 7118
4800 7121
4801 7128
4802 7130
4803 7132
4804 7133
4805 7136
4806 7139
4807 7145
4808 7146
4809 7151
4810 7152
4811 7159
4812 7160
4813 7163
4814 7164
4815 7165
4816 7170
4817 7171
4818 7174
4819 7176
4820 7177
4821 7188
4822 7193
4823 7198
4824 7199
4825 7200
4826 7201
4827 7203
4828 7204
4829 7209
4830 7210
4831 7216
4832 7222
4833 7223
4834 7232
4835 7238
4836 7240
4837 7247
4838 7250
4839 7254
4840 7256
4841 7258
4842 7265
4843 7272
4844 7274
4845 7277
4846 7278
4847 7282
4848 7288
4849 7291
4850 7294
4851 7296
4852 7301
4853 7304
4854 7307
4855 7308
4856 7309
4857 7311
4858 7315
4859 7319
4860 7320
4861 7321
4862 7322
4863 7323
4864 7324
4865 7325
4866 7326
4867 7327
4868 7329
4869 7331
4870 7333
4871 7334
4872 7337
4873 7339
4874 7341
4875 7342
4876 7344
4877 7345
4878 7346
4879 7347
4880 7348
4881 7349
4882 7350
4883 7351
4884 7352
4885 7355
4886 7356
4887 7357
4888 7359
4889 7360
4890 7363
4891 7364
4892 7367
4893 7368
4894 7369
4895 7370
4896 7371
4897 7372
4898 7373
4899 7374
4900 7377
4901 7378
4902 7379
4903 7380
4904 7381
4905 7382
4906 7385
4907 7386
4908 7387
4909 7388
4910 7389
4911 7390
4912 7391
4913 7392
4914 7393
4915 7394
4916 7396
4917 7398
4918 7399
4919 7400
4920 7401
4921 7403
4922 7404
4923 7405
4924 7407
4925 7408
4926 7409
4927 7410
4928 7411
4929 7412
4930 7413
4931 7415
4932 7416
4933 7417
4934 7418
4935 7421
4936 7422
4937 7423
4938 7424
4939 7426
4940 7427
4941 7428
4942 7430
4943 7432
4944 7433
4945 7434
4946 7436
4947 7437
4948 7438
4949 7439
4950 7441
4951 7442
4952 7443
4953 7444
4954 7445
4955 7446
4956 7447
4957 7448
4958 7449
4959 7450
4960 7451
4961 7452
4962 7453
4963 7454
4964 7455
4965 7456
4966 7457
4967 7458
4968 7459
4969 7460
4970 7463
4971 7464
4972 7465
4973 7466
4974 7467
4975 7468
4976 7469
4977 7470
4978 7472
4979 7473
4980 7475
4981 7476
4982 7477
4983 7478
4984 7479
4985 7480
4986 7482
4987 7483
4988 7484
4989 7487
4990 7489
4991 7491
4992 7494
4993 7496
4994 7497
4995 7498
4996 7499
4997 7502
4998 7503
4999 7504
5000 7510
5001 7512
5002 7513
5003 7514
5004 7515
5005 7516
5006 7517
5007 7518
5008 7519
5009 7520
5010 7522
5011 7523
5012 7524
5013 7525
5014 7527
5015 7529
5016 7530
5017 7532
5018 7533
5019 7534
5020 7536
5021 7537
5022 7539
5023 7540
5024 7541
5025 7542
5026 7543
5027 7544
5028 7545
5029 7546
5030 7547
5031 7548
5032 7549
5033 7550
5034 7551
5035 7552
5036 7554
5037 7555
5038 7556
5039 7557
5040 7558
5041 7562
5042 7565
5043 7567
5044 7568
5045 7570
5046 7571
5047 7572
5048 7573
5049 7575
5050 7576
5051 7577
5052 7578
5053 7579
5054 7580
5055 7581
5056 7582
5057 7583
5058 7584
5059 7586
5060 7587
5061 7588
5062 7589
5063 7590
5064 7591
5065 7592
5066 7593
5067 7595
5068 7596
5069 7597
5070 7598
5071 7599
5072 7600
5073 7602
5074 7603
5075 7604
5076 7605
5077 7606
5078 7607
5079 7608
5080 7609
5081 7610
5082 7611
5083 7613
5084 7614
5085 7615
5086 7616
5087 7617
5088 7618
5089 7620
5090 7621
5091 7622
5092 7623
5093 7624
5094 7625
5095 7627
5096 7628
5097 7629
5098 7630
5099 7631
5100 7633
5101 7634
5102 7638
5103 7639
5104 7640
5105 7641
5106 7642
5107 7644
5108 7645
5109 7646
5110 7647
5111 7648
5112 7649
5113 7650
5114 7651
5115 7652
5116 7653
5117 7655
5118 7656
5119 7657
5120 7658
5121 7659
5122 7660
5123 7661
5124 7663
5125 7664
5126 7665
5127 7666
5128 7667
5129 7668
5130 7669
5131 7671
5132 7672
5133 7673
5134 7674
5135 7675
5136 7676
5137 7678
5138 7679
5139 7680
5140 7681
5141 7682
5142 7683
5143 7686
5144 7687
5145 7688
5146 7690
5147 7699
5148 7701
5149 7708
5150 7712
5151 7715
5152 7717
5153 7724
5154 7725
5155 7727
5156 7729
5157 7738
5158 7740
5159 7741
5160 7742
5161 7743
5162 7749
5163 7750
5164 7751
5165 7753
5166 7755
5167 7757
5168 7759
5169 7761
5170 7762
5171 7763
5172 7764
5173 7765
5174 7766
5175 7767
5176 7768
5177 7770
5178 7771
5179 7772
5180 7773
5181 7776
5182 7779
5183 7780
5184 7781
5185 7782
5186 7783
5187 7784
5188 7786
5189 7787
5190 7789
5191 7790
5192 7791
5193 7792
5194 7793
5195 7795
5196 7796
5197 7797
5198 7798
5199 7800
5200 7801
5201 7802
5202 7803
5203 7804
5204 7805
5205 7806
5206 7807
5207 7808
5208 7809
5209 7810
5210 7811
5211 7812
5212 7813
5213 7815
5214 7816
5215 7817
5216 7818
5217 7819
5218 7821
5219 7822
5220 7823
5221 7824
5222 7825
5223 7826
5224 7827
5225 7828
5226 7829
5227 7830
5228 7831
5229 7832
5230 7833
5231 7834
5232 7835
5233 7836
5234 7837
5235 7838
5236 7839
5237 7840
5238 7841
5239 7842
5240 7843
5241 7845
5242 7846
5243 7847
5244 7848
5245 7849
5246 7850
5247 7851
5248 7853
5249 7854
5250 7855
5251 7856
5252 7857
5253 7858
5254 7859
5255 7860
5256 7861
5257 7862
5258 7863
5259 7864
5260 7865
5261 7866
5262 7867
5263 7868
5264 7869
5265 7870
5266 7871
5267 7872
5268 7873
5269 7874
5270 7875
5271 7876
5272 7877
5273 7878
5274 7879
5275 7881
5276 7882
5277 7883
5278 7884
5279 7885
5280 7886
5281 7888
5282 7889
5283 7890
5284 7891
5285 7892
5286 7893
5287 7894
5288 7895
5289 7896
5290 7897
5291 7898
5292 7899
5293 7900
5294 7901
5295 7902
5296 7903
5297 7904
5298 7905
5299 7906
5300 7907
5301 7908
5302 7909
5303 7910
5304 7911
5305 7912
5306 7913
5307 7914
5308 7915
5309 7916
5310 7917
5311 7918
5312 7919
5313 7920
5314 7921
5315 7922
5316 7923
5317 7924
5318 7925
5319 7926
5320 7927
5321 7928
5322 7929
5323 7930
5324 7931
5325 7933
5326 7934
5327 7935
5328 7937
5329 7938
5330 7939
5331 7940
5332 7941
5333 7942
5334 7943
5335 7944
5336 7945
5337 7946
5338 7947
5339 7948
5340 7949
5341 7950
5342 7951
5343 7952
5344 7953
5345 7954
5346 7955
5347 7956
5348 7957
5349 7958
5350 7959
5351 7960
5352 7961
5353 7962
5354 7963
5355 7964
5356 7965
5357 7966
5358 7967
5359 7968
5360 7969
5361 7970
5362 7971
5363 7972
5364 7973
5365 7974
5366 7976
5367 7977
5368 7978
5369 7979
5370 7980
5371 7981
5372 7982
5373 7983
5374 7984
5375 7985
5376 7986
5377 7987
5378 7989
5379 7990
5380 7991
5381 7992
5382 7993
5383 7994
5384 7995
5385 7996
5386 7997
5387 7998
5388 7999
5389 8000
5390 8001
5391 8002
5392 8003
5393 8004
5394 8005
5395 8006
5396 8007
5397 8008
5398 8009
5399 8010
5400 8011
5401 8012
5402 8013
5403 8014
5404 8015
5405 8016
5406 8017
5407 8018
5408 8019
5409 8020
5410 8021
5411 8022
5412 8023
5413 8024
5414 8025
5415 8026
5416 8027
5417 8028
5418 8029
5419 8030
5420 8031
5421 8032
5422 8033
5423 8034
5424 8035
5425 8036
5426 8037
5427 8038
5428 8039
5429 8040
5430 8041
5431 8042
5432 8043
5433 8044
5434 8045
5435 8046
5436 8047
5437 8048
5438 8049
5439 8050
5440 8051
5441 8052
5442 8053
5443 8054
5444 8055
5445 8056
5446 8057
5447 8058
5448 8059
5449 8060
5450 8061
5451 8062
5452 8063
5453 8064
5454 8065
5455 8066
5456 8067
5457 8068
5458 8069
5459 8070
5460 8071
5461 8072
5462 8073
5463 8074
5464 8075
5465 8076
5466 8077
5467 8078
5468 8079
5469 8080
5470 8081
5471 8082
5472 8083
5473 8084
5474 8085
5475 8086
5476 8087
5477 8088
5478 8089
5479 8090
5480 8091
5481 8092
5482 8093
5483 8094
5484 8095
5485 8096
5486 8097
5487 8098
5488 8099
5489 8100
5490 8101
5491 8102
5492 8103
5493 8104
5494 8105
5495 8106
5496 8107
5497 8108
5498 8109
5499 8110
5500 8111
5501 8112
5502 8113
5503 8114
5504 8115
5505 8116
5506 8117
5507 8118
5508 8119
5509 8120
5510 8121
5511 8122
5512 8123
5513 8124
5514 8125
5515 8126
5516 8127
5517 8128
5518 8129
5519 8130
5520 8131
5521 8132
5522 8133
5523 8134
5524 8135
5525 8136
5526 8137
5527 8138
5528 8139
5529 8140
5530 8141
5531 8142
5532 8143
5533 8144
5534 8146
5535 8147
5536 8148
5537 8149
5538 8150
5539 8151
5540 8152
5541 8153
5542 8154
5543 8155
5544 8156
5545 8157
5546 8158
5547 8159
5548 8164
5549 8167
5550 8168
5551 8169
5552 8170
5553 8173
5554 8174
5555 8175
5556 8177
5557 8178
5558 8179
5559 8180
5560 8182
5561 8183
5562 8184
5563 8185
5564 8187
5565 8188
5566 8190
5567 8191
5568 8192
5569 8193
5570 8194
5571 8196
5572 8197
5573 8198
5574 8199
5575 8202
5576 8203
5577 8205
5578 8206
5579 8208
5580 8209
5581 8210
5582 8211
5583 8214
5584 8215
5585 8216
5586 8217
5587 8218
5588 8219
5589 8221
5590 8223
5591 8224
5592 8225
5593 8226
5594 8227
5595 8229
5596 8230
5597 8231
5598 8232
5599 8233
5600 8235
5601 8236
5602 8237
5603 8238
5604 8240
5605 8241
5606 8243
5607 8244
5608 8245
5609 8246
5610 8247
5611 8249
5612 8250
5613 8252
5614 8253
5615 8254
5616 8255
5617 8257
5618 8259
5619 8261
5620 8263
5621 8264
5622 8265
5623 8266
5624 8267
5625 8268
5626 8269
5627 8270
5628 8271
5629 8272
5630 8273
5631 8274
5632 8275
5633 8276
5634 8277
5635 8278
5636 8280
5637 8281
5638 8282
5639 8284
5640 8285
5641 8286
5642 8287
5643 8288
5644 8292
5645 8293
5646 8294
5647 8296
5648 8297
5649 8299
5650 8300
5651 8301
5652 8303
5653 8304
5654 8305
5655 8306
5656 8307
5657 8308
5658 8310
5659 8312
5660 8313
5661 8314
5662 8315
5663 8317
5664 8318
5665 8320
5666 8321
5667 8322
5668 8324
5669 8325
5670 8326
5671 8327
5672 8328
5673 8329
5674 8330
5675 8331
5676 8332
5677 8333
5678 8334
5679 8335
5680 8336
5681 8337
5682 8338
5683 8339
5684 8341
5685 8343
5686 8344
5687 8345
5688 8346
5689 8347
5690 8348
5691 8349
5692 8350
5693 8351
5694 8353
5695 8355
5696 8356
5697 8357
5698 8358
5699 8360
5700 8362
5701 8363
5702 8364
5703 8365
5704 8367
5705 8368
5706 8369
5707 8370
5708 8371
5709 8373
5710 8374
5711 8375
5712 8376
5713 8377
5714 8378
5715 8379
5716 8380
5717 8381
5718 8383
5719 8384
5720 8385
5721 8386
5722 8387
5723 8388
5724 8389
5725 8390
5726 8391
5727 8392
5728 8393
5729 8394
5730 8395
5731 8396
5732 8398
5733 8399
5734 8400
5735 8401
5736 8405
5737 8406
5738 8407
5739 8408
5740 8409
5741 8410
5742 8411
5743 8412
5744 8415
5745 8417
5746 8418
5747 8420
5748 8421
5749 8422
5750 8423
5751 8424
5752 8427
5753 8429
5754 8430
5755 8434
5756 8435
5757 8436
5758 8437
5759 8438
5760 8439
5761 8440
5762 8441
5763 8442
5764 8443
5765 8444
5766 8445
5767 8447
5768 8448
5769 8449
5770 8450
5771 8451
5772 8452
5773 8453
5774 8454
5775 8455
5776 8456
5777 8458
5778 8459
5779 8462
5780 8463
5781 8466
5782 8467
5783 8468
5784 8469
5785 8470
5786 8472
5787 8473
5788 8474
5789 8476
5790 8480
5791 8481
5792 8482
5793 8483
5794 8485
5795 8487
5796 8492
5797 8494
5798 8497
5799 8507
5800 8508
5801 8510
5802 8511
5803 8517
5804 8522
5805 8527
5806 8529
5807 8533
5808 8535
5809 8547
5810 8549
5811 8550
5812 8561
5813 8564
5814 8566
5815 8570
5816 8573
5817 8580
5818 8589
5819 8597
5820 8601
5821 8610
5822 8613
5823 8614
5824 8617
5825 8619
5826 8620
5827 8622
5828 8623
5829 8633
5830 8636
5831 8638
5832 8639
5833 8640
5834 8641
5835 8642
5836 8645
5837 8650
5838 8651
5839 8654
5840 8656
5841 8665
5842 8666
5843 8671
5844 8672
5845 8675
5846 8676
5847 8678
5848 8682
5849 8683
5850 8687
5851 8688
5852 8697
5853 8700
5854 8701
5855 8702
5856 8703
5857 8706
5858 8709
5859 8710
5860 8711
5861 8712
5862 8713
5863 8715
5864 8717
5865 8719
5866 8720
5867 8721
5868 8722
5869 8723
5870 8724
5871 8725
5872 8726
5873 8727
5874 8729
5875 8733
5876 8735
5877 8738
5878 8740
5879 8741
5880 8742
5881 8744
5882 8745
5883 8747
5884 8749
5885 8750
5886 8751
5887 8752
5888 8753
5889 8754
5890 8757
5891 8759
5892 8760
5893 8762
5894 8765
5895 8767
5896 8768
5897 8771
5898 8772
5899 8774
5900 8776
5901 8778
5902 8779
5903 8780
5904 8782
5905 8784
5906 8785
5907 8787
5908 8788
5909 8789
5910 8790
5911 8791
5912 8792
5913 8794
5914 8795
5915 8796
5916 8797
5917 8798
5918 8801
5919 8803
5920 8805
5921 8807
5922 8809
5923 8810
5924 8811
5925 8812
5926 8815
5927 8816
5928 8817
5929 8818
5930 8820
5931 8821
5932 8823
5933 8824
5934 8826
5935 8827
5936 8828
5937 8829
5938 8830
5939 8831
5940 8832
5941 8833
5942 8835
5943 8836
5944 8838
5945 8839
5946 8840
5947 8841
5948 8842
5949 8843
5950 8844
5951 8846
5952 8847
5953 8849
5954 8851
5955 8852
5956 8853
5957 8854
5958 8855
5959 8856
5960 8857
5961 8858
5962 8859
5963 8860
5964 8861
5965 8862
5966 8863
5967 8864
5968 8865
5969 8866
5970 8867
5971 8868
5972 8869
5973 8870
5974 8871
5975 8872
5976 8873
5977 8875
5978 8876
5979 8877
5980 8878
5981 8881
5982 8882
5983 8883
5984 8884
5985 8885
5986 8886
5987 8887
5988 8888
5989 8889
5990 8890
5991 8891
5992 8892
5993 8893
5994 8894
5995 8895
5996 8896
5997 8897
5998 8899
5999 8900
6000 8901
6001 8903
6002 8904
6003 8905
6004 8906
6005 8907
6006 8908
6007 8909
6008 8911
6009 8912
6010 8913
6011 8914
6012 8916
6013 8917
6014 8918
6015 8919
6016 8921
6017 8923
6018 8924
6019 8925
6020 8926
6021 8927
6022 8928
6023 8929
6024 8930
6025 8931
6026 8933
6027 8934
6028 8935
6029 8938
6030 8939
6031 8940
6032 8941
6033 8943
6034 8944
6035 8945
6036 8947
6037 8948
6038 8949
6039 8950
6040 8951
6041 8952
6042 8953
6043 8954
6044 8955
6045 8956
6046 8957
6047 8959
6048 8960
6049 8962
6050 8963
6051 8964
6052 8965
6053 8966
6054 8967
6055 8968
6056 8969
6057 8970
6058 8971
6059 8972
6060 8973
6061 8974
6062 8975
6063 8979
6064 8980
6065 8981
6066 8982
6067 8984
6068 8985
6069 8986
6070 8987
6071 8988
6072 8990
6073 8991
6074 8992
6075 8993
6076 8994
6077 8995
6078 8997
6079 8998
6080 8999
6081 9000
6082 9001
6083 9002
6084 9003
6085 9004
6086 9005
6087 9006
6088 9007
6089 9009
6090 9010
6091 9011
6092 9012
6093 9014
6094 9015
6095 9016
6096 9017
6097 9018
6098 9020
6099 9021
6100 9023
6101 9024
6102 9025
6103 9026
6104 9027
6105 9028
6106 9029
6107 9030
6108 9031
6109 9032
6110 9033
6111 9034
6112 9035
6113 9036
6114 9037
6115 9038
6116 9039
6117 9040
6118 9042
6119 9043
6120 9044
6121 9045
6122 9046
6123 9047
6124 9049
6125 9050
6126 9051
6127 9052
6128 9054
6129 9056
6130 9057
6131 9061
6132 9062
6133 9063
6134 9064
6135 9065
6136 9066
6137 9067
6138 9068
6139 9070
6140 9071
6141 9072
6142 9073
6143 9075
6144 9076
6145 9077
6146 9078
6147 9079
6148 9080
6149 9081
6150 9082
6151 9083
6152 9084
6153 9085
6154 9086
6155 9087
6156 9088
6157 9090
6158 9091
6159 9093
6160 9095
6161 9098
6162 9099
6163 9100
6164 9104
6165 9107
6166 9110
6167 9115
6168 9116
6169 9121
6170 9124
6171 9125
6172 9126
6173 9127
6174 9128
6175 9130
6176 9131
6177 9134
6178 9135
6179 9137
6180 9139
6181 9140
6182 9141
6183 9145
6184 9146
6185 9148
6186 9151
6187 9152
6188 9154
6189 9156
6190 9161
6191 9163
6192 9168
6193 9169
6194 9172
6195 9173
6196 9174
6197 9176
6198 9179
6199 9180
6200 9181
6201 9182
6202 9183
6203 9184
6204 9185
6205 9186
6206 9187
6207 9188
6208 9189
6209 9190
6210 9191
6211 9192
6212 9193
6213 9194
6214 9195
6215 9196
6216 9197
6217 9198
6218 9200
6219 9201
6220 9202
6221 9203
6222 9204
6223 9205
6224 9206
6225 9207
6226 9208
6227 9209
6228 9210
6229 9211
6230 9212
6231 9213
6232 9214
6233 9215
6234 9216
6235 9217
6236 9218
6237 9220
6238 9221
6239 9222
6240 9224
6241 9225
6242 9226
6243 9227
6244 9228
6245 9229
6246 9230
6247 9231
6248 9232
6249 9233
6250 9235
6251 9236
6252 9237
6253 9238
6254 9239
6255 9240
6256 9241
6257 9242
6258 9243
6259 9244
6260 9245
6261 9246
6262 9247
6263 9248
6264 9249
6265 9250
6266 9251
6267 9252
6268 9253
6269 9254
6270 9255
6271 9256
6272 9257
6273 9258
6274 9259
6275 9260
6276 9262
6277 9263
6278 9264
6279 9265
6280 9267
6281 9268
6282 9269
6283 9270
6284 9271
6285 9272
6286 9273
6287 9274
6288 9275
6289 9276
6290 9277
6291 9278
6292 9279
6293 9280
6294 9281
6295 9282
6296 9283
6297 9285
6298 9286
6299 9287
6300 9288
6301 9289
6302 9290
6303 9292
6304 9293
6305 9294
6306 9295
6307 9296
6308 9297
6309 9298
6310 9300
6311 9301
6312 9302
6313 9303
6314 9304
6315 9305
6316 9306
6317 9307
6318 9308
6319 9309
6320 9310
6321 9311
6322 9312
6323 9313
6324 9314
6325 9315
6326 9316
6327 9317
6328 9318
6329 9319
6330 9320
6331 9321
6332 9322
6333 9323
6334 9324
6335 9325
6336 9326
6337 9327
6338 9328
6339 9329
6340 9330
6341 9331
6342 9332
6343 9333
6344 9334
6345 9335
6346 9336
6347 9337
6348 9338
6349 9339
6350 9340
6351 9341
6352 9342
6353 9343
6354 9344
6355 9345
6356 9346
6357 9347
6358 9348
6359 9349
6360 9350
6361 9351
6362 9352
6363 9353
6364 9354
6365 9355
6366 9356
6367 9357
6368 9358
6369 9359
6370 9360
6371 9361
6372 9362
6373 9363
6374 9364
6375 9365
6376 9366
6377 9367
6378 9368
6379 9369
6380 9370
6381 9371
6382 9372
6383 9373
6384 9374
6385 9375
6386 9376
6387 9377
6388 9378
6389 9379
6390 9380
6391 9381
6392 9382
6393 9383
6394 9384
6395 9385
6396 9386
6397 9387
6398 9388
6399 9389
6400 9390
6401 9391
6402 9392
6403 9393
6404 9394
6405 9395
6406 9396
6407 9397
6408 9398
6409 9399
6410 9400
6411 9401
6412 9402
6413 9403
6414 9404
6415 9405
6416 9406
6417 9407
6418 9408
6419 9409
6420 9410
6421 9411
6422 9412
6423 9413
6424 9414
6425 9415
6426 9416
6427 9417
6428 9418
6429 9419
6430 9420
6431 9421
6432 9422
6433 9423
6434 9424
6435 9425
6436 9426
6437 9427
6438 9428
6439 9429
6440 9430
6441 9431
6442 9432
6443 9433
6444 9434
6445 9435
6446 9436
6447 9437
6448 9438
6449 9439
6450 9440
6451 9441
6452 9442
6453 9443
6454 9444
6455 9445
6456 9446
6457 9447
6458 9448
6459 9449
6460 9450
6461 9451
6462 9452
6463 9453
6464 9454
6465 9455
6466 9456
6467 9457
6468 9458
6469 9459
6470 9460
6471 9461
6472 9462
6473 9463
6474 9464
6475 9465
6476 9466
6477 9467
6478 9468
6479 9469
6480 9470
6481 9471
6482 9472
6483 9473
6484 9474
6485 9475
6486 9476
6487 9477
6488 9478
6489 9479
6490 9480
6491 9481
6492 9482
6493 9483
6494 9484
6495 9486
6496 9487
6497 9488
6498 9489
6499 9490
6500 9491
6501 9492
6502 9493
6503 9494
6504 9495
6505 9496
6506 9497
6507 9498
6508 9499
6509 9500
6510 9501
6511 9502
6512 9503
6513 9504
6514 9505
6515 9506
6516 9507
6517 9508
6518 9509
6519 9510
6520 9511
6521 9512
6522 9513
6523 9514
6524 9515
6525 9516
6526 9517
6527 9518
6528 9519
6529 9520
6530 9521
6531 9522
6532 9523
6533 9524
6534 9525
6535 9526
6536 9527
6537 9528
6538 9529
6539 9531
6540 9532
6541 9533
6542 9534
6543 9535
6544 9536
6545 9537
6546 9538
6547 9539
6548 9540
6549 9542
6550 9543
6551 9544
6552 9546
6553 9547
6554 9548
6555 9549
6556 9550
6557 9551
6558 9555
6559 9556
6560 9558
6561 9560
6562 9561
6563 9563
6564 9564
6565 9565
6566 9566
6567 9573
6568 9574
6569 9576
6570 9577
6571 9578
6572 9579
6573 9580
6574 9581
6575 9584
6576 9585
6577 9586
6578 9587
6579 9589
6580 9590
6581 9593
6582 9596
6583 9597
6584 9598
6585 9599
6586 9600
6587 9601
6588 9602
6589 9603
6590 9604
6591 9606
6592 9607
6593 9608
6594 9609
6595 9610
6596 9614
6597 9616
6598 9617
6599 9618
6600 9619
6601 9620
6602 9621
6603 9622
6604 9623
6605 9624
6606 9625
6607 9626
6608 9628
6609 9629
6610 9631
6611 9632
6612 9633
6613 9634
6614 9635
6615 9636
6616 9637
6617 9638
6618 9639
6619 9640
6620 9641
6621 9642
6622 9643
6623 9644
6624 9646
6625 9647
6626 9648
6627 9649
6628 9650
6629 9651
6630 9654
6631 9655
6632 9656
6633 9657
6634 9658
6635 9661
6636 9662
6637 9663
6638 9665
6639 9668
6640 9669
6641 9671
6642 9672
6643 9673
6644 9674
6645 9675
6646 9676
6647 9677
6648 9679
6649 9680
6650 9681
6651 9686
6652 9687
6653 9689
6654 9690
6655 9691
6656 9692
6657 9693
6658 9694
6659 9696
6660 9698
6661 9699
6662 9702
6663 9703
6664 9705
6665 9707
6666 9708
6667 9709
6668 9710
6669 9713
6670 9714
6671 9715
6672 9717
6673 9718
6674 9719
6675 9720
6676 9723
6677 9724
6678 9725
6679 9726
6680 9727
6681 9728
6682 9729
6683 9730
6684 9734
6685 9735
6686 9737
6687 9738
6688 9739
6689 9740
6690 9741
6691 9743
6692 9745
6693 9746
6694 9748
6695 9749
6696 9750
6697 9752
6698 9753
6699 9754
6700 9755
6701 9757
6702 9759
6703 9760
6704 9761
6705 9762
6706 9763
6707 9764
6708 9765
6709 9766
6710 9767
6711 9768
6712 9769
6713 9770
6714 9771
6715 9772
6716 9773
6717 9774
6718 9775
6719 9776
6720 9777
6721 9779
6722 9780
6723 9781
6724 9782
6725 9783
6726 9784
6727 9787
6728 9788
6729 9789
6730 9791
6731 9796
6732 9797
6733 9800
6734 9801
6735 9802
6736 9805
6737 9807
6738 9810
6739 9813
6740 9814
6741 9819
6742 9823
6743 9827
6744 9831
6745 9835
6746 9836
6747 9838
6748 9842
6749 9844
6750 9846
6751 9847
6752 9849
6753 9855
6754 9859
6755 9861
6756 9863
6757 9864
6758 9867
6759 9869
6760 9870
6761 9874
6762 9875
6763 9877
6764 9878
6765 9880
6766 9883
6767 9887
6768 9888
6769 9889
6770 9893
6771 9894
6772 9897
6773 9903
6774 9904
6775 9909
6776 9921
6777 9923
6778 9924
6779 9928
6780 9929
6781 9934
6782 9935
6783 9940
6784 9941
6785 9942
6786 9944
6787 9946
6788 9948
6789 9949
6790 9950
6791 9952
6792 9953
6793 9954
6794 9956
6795 9962
6796 9963
6797 9966
6798 9967
6799 9969
6800 9973
6801 9978
6802 9981
6803 9983
6804 9990
6805 9993
6806 9999
6807 10004
6808 10005
6809 10007
6810 10008
6811 10010
6812 10011
6813 10012
6814 10013
6815 10015
6816 10016
6817 10017
6818 10018
6819 10020
6820 10021
6821 10022
6822 10023
6823 10024
6824 10025
6825 10027
6826 10028
6827 10029
6828 10030
6829 10031
6830 10032
6831 10033
6832 10035
6833 10038
6834 10039
6835 10040
6836 10041
6837 10043
6838 10045
6839 10047
6840 10048
6841 10049
6842 10052
6843 10053
6844 10054
6845 10055
6846 10056
6847 10059
6848 10060
6849 10063
6850 10065
6851 10068
6852 10071
6853 10072
6854 10073
6855 10074
6856 10075
6857 10076
6858 10077
6859 10079
6860 10080
6861 10081
6862 10082
6863 10085
6864 10086
6865 10088
6866 10089
6867 10090
6868 10093
6869 10096
6870 10097
6871 10098
6872 10100
6873 10101
6874 10102
6875 10103
6876 10104
6877 10106
6878 10107
6879 10108
6880 10109
6881 10110
6882 10111
6883 10112
6884 10113
6885 10114
6886 10115
6887 10116
6888 10117
6889 10118
6890 10119
6891 10121
6892 10123
6893 10124
6894 10125
6895 10126
6896 10128
6897 10129
6898 10131
6899 10132
6900 10133
6901 10134
6902 10135
6903 10136
6904 10137
6905 10139
6906 10141
6907 10142
6908 10143
6909 10144
6910 10145
6911 10146
6912 10147
6913 10148
6914 10149
6915 10150
6916 10151
6917 10152
6918 10153
6919 10154
6920 10155
6921 10156
6922 10157
6923 10158
6924 10160
6925 10162
6926 10163
6927 10164
6928 10167
6929 10168
6930 10169
6931 10170
6932 10173
6933 10175
6934 10176
6935 10177
6936 10178
6937 10179
6938 10180
6939 10181
6940 10182
6941 10185
6942 10187
6943 10188
6944 10190
6945 10194
6946 10195
6947 10196
6948 10197
6949 10198
6950 10199
6951 10201
6952 10202
6953 10203
6954 10204
6955 10205
6956 10207
6957 10208
6958 10209
6959 10210
6960 10211
6961 10214
6962 10215
6963 10216
6964 10218
6965 10219
6966 10220
6967 10221
6968 10222
6969 10223
6970 10224
6971 10225
6972 10226
6973 10227
6974 10229
6975 10230
6976 10231
6977 10232
6978 10233
6979 10234
6980 10236
6981 10237
6982 10239
6983 10240
6984 10241
6985 10242
6986 10244
6987 10245
6988 10246
6989 10247
6990 10249
6991 10250
6992 10251
6993 10253
6994 10254
6995 10255
6996 10256
6997 10258
6998 10261
6999 10262
7000 10263
7001 10264
7002 10265
7003 10266
7004 10267
7005 10268
7006 10269
7007 10270
7008 10272
7009 10274
7010 10275
7011 10276
7012 10277
7013 10280
7014 10281
7015 10282
7016 10283
7017 10284
7018 10285
7019 10286
7020 10287
7021 10288
7022 10289
7023 10290
7024 10292
7025 10293
7026 10294
7027 10295
7028 10296
7029 10298
7030 10299
7031 10300
7032 10301
7033 10302
7034 10304
7035 10305
7036 10306
7037 10307
7038 10308
7039 10309
7040 10310
7041 10311
7042 10312
7043 10313
7044 10314
7045 10315
7046 10316
7047 10317
7048 10318
7049 10319
7050 10320
7051 10321
7052 10322
7053 10324
7054 10326
7055 10327
7056 10329
7057 10332
7058 10333
7059 10334
7060 10335
7061 10336
7062 10337
7063 10339
7064 10340
7065 10342
7066 10343
7067 10344
7068 10345
7069 10349
7070 10350
7071 10351
7072 10352
7073 10355
7074 10356
7075 10357
7076 10359
7077 10362
7078 10368
7079 10369
7080 10373
7081 10376
7082 10379
7083 10380
7084 10381
7085 10383
7086 10384
7087 10387
7088 10388
7089 10389
7090 10390
7091 10391
7092 10392
7093 10393
7094 10397
7095 10398
7096 10400
7097 10401
7098 10407
7099 10411
7100 10412
7101 10413
7102 10417
7103 10418
7104 10419
7105 10421
7106 10422
7107 10423
7108 10425
7109 10426
7110 10427
7111 10428
7112 10429
7113 10431
7114 10432
7115 10433
7116 10434
7117 10435
7118 10437
7119 10438
7120 10439
7121 10440
7122 10441
7123 10442
7124 10443
7125 10444
7126 10445
7127 10446
7128 10447
7129 10448
7130 10449
7131 10450
7132 10451
7133 10452
7134 10453
7135 10454
7136 10455
7137 10456
7138 10458
7139 10459
7140 10460
7141 10461
7142 10463
7143 10464
7144 10465
7145 10466
7146 10467
7147 10468
7148 10469
7149 10470
7150 10471
7151 10472
7152 10473
7153 10474
7154 10475
7155 10476
7156 10477
7157 10478
7158 10479
7159 10480
7160 10481
7161 10482
7162 10483
7163 10484
7164 10485
7165 10486
7166 10487
7167 10488
7168 10489
7169 10490
7170 10491
7171 10492
7172 10493
7173 10494
7174 10495
7175 10496
7176 10497
7177 10498
7178 10499
7179 10501
7180 10502
7181 10503
7182 10504
7183 10505
7184 10507
7185 10508
7186 10509
7187 10510
7188 10511
7189 10512
7190 10513
7191 10514
7192 10515
7193 10516
7194 10517
7195 10518
7196 10520
7197 10521
7198 10522
7199 10523
7200 10524
7201 10525
7202 10526
7203 10527
7204 10528
7205 10529
7206 10530
7207 10531
7208 10532
7209 10533
7210 10534
7211 10535
7212 10536
7213 10537
7214 10538
7215 10539
7216 10540
7217 10541
7218 10542
7219 10543
7220 10544
7221 10545
7222 10546
7223 10547
7224 10548
7225 10549
7226 10550
7227 10551
7228 10553
7229 10554
7230 10555
7231 10556
7232 10557
7233 10558
7234 10559
7235 10560
7236 10561
7237 10562
7238 10563
7239 10564
7240 10565
7241 10566
7242 10567
7243 10568
7244 10569
7245 10570
7246 10571
7247 10572
7248 10573
7249 10574
7250 10575
7251 10576
7252 10577
7253 10578
7254 10579
7255 10580
7256 10581
7257 10582
7258 10583
7259 10584
7260 10585
7261 10586
7262 10587
7263 10588
7264 10590
7265 10591
7266 10592
7267 10593
7268 10594
7269 10596
7270 10597
7271 10598
7272 10599
7273 10600
7274 10601
7275 10602
7276 10603
7277 10604
7278 10605
7279 10606
7280 10607
7281 10608
7282 10609
7283 10610
7284 10611
7285 10612
7286 10613
7287 10614
7288 10615
7289 10616
7290 10617
7291 10618
7292 10619
7293 10620
7294 10621
7295 10622
7296 10623
7297 10624
7298 10625
7299 10626
7300 10627
7301 10628
7302 10629
7303 10630
7304 10631
7305 10632
7306 10633
7307 10634
7308 10635
7309 10636
7310 10637
7311 10638
7312 10639
7313 10640
7314 10641
7315 10642
7316 10643
7317 10644
7318 10645
7319 10646
7320 10647
7321 10648
7322 10649
7323 10650
7324 10651
7325 10652
7326 10653
7327 10654
7328 10655
7329 10656
7330 10657
7331 10658
7332 10659
7333 10660
7334 10661
7335 10662
7336 10663
7337 10664
7338 10665
7339 10666
7340 10667
7341 10668
7342 10669
7343 10670
7344 10671
7345 10672
7346 10673
7347 10674
7348 10675
7349 10676
7350 10677
7351 10678
7352 10679
7353 10680
7354 10681
7355 10682
7356 10683
7357 10684
7358 10685
7359 10686
7360 10687
7361 10688
7362 10689
7363 10690
7364 10691
7365 10692
7366 10693
7367 10694
7368 10695
7369 10696
7370 10697
7371 10698
7372 10699
7373 10700
7374 10701
7375 10702
7376 10703
7377 10704
7378 10705
7379 10706
7380 10707
7381 10708
7382 10709
7383 10710
7384 10711
7385 10712
7386 10713
7387 10714
7388 10715
7389 10716
7390 10717
7391 10718
7392 10719
7393 10720
7394 10721
7395 10722
7396 10723
7397 10724
7398 10725
7399 10726
7400 10727
